140.822880159116	13.8984477332243	0.435932	0.05241
140.80645032523	13.9176452137042	0.209975	0.060975
140.761117408142	13.9944804720724	0.510852	0.122947
140.803076318171	13.9188298704185	0.378741	0.115909
140.806872398975	13.9239544763638	0.400654	0.108247
140.81804880449	13.900241122959	0.251268	0.075089
140.693967294195	14.0676855132696	0.085919	0.027078
140.687759118263	14.0530575643578	0.594402	0.215539
140.755631309554	13.9643946311413	0.261568	0.072169
140.750163960071	13.9513334216369	0.400859	0.132375
140.762929801739	13.9539752669842	0.348268	0.066464
140.759940037077	13.9859296779574	0.51962	0.092459
140.7723501775	13.9679767809011	0.309641	0.096675
140.773857492327	13.9646755539641	0.366561	0.11327
140.704872712859	14.0442881771616	0.457419	0.038555
140.712701571867	14.0103524079308	0.282141	0.03766
140.715019268177	14.0234353837809	0.207316	0.037494
140.73028886629	14.0209354423432	0.104571	0.038199
140.730885879055	14.0204225711172	0.305862	0.077882
140.687192914624	14.0769949151279	0.278003	0.090053
140.686390453021	14.0855374290702	0.471145	0.027663
140.707811523849	14.0344813422778	0.430952	0.086478
140.71048789762	14.0403477237532	0.444641	0.038421
140.697013079111	14.0942963054769	0.331739	0.0871
140.733399741948	14.0169362861697	0.360383	0.109378
140.761069945752	13.9453019282045	0.154363	0.043392
140.758973259945	13.9450910142052	0.402475	0.065856
140.760658538797	13.9489236039449	0.497057	0.147894
140.772252544659	13.9277919213812	0.47266	0.106342
140.774447377152	13.9323038997678	0.133106	0.030626
140.952971283373	14.059491421649	0.499506	0.089372
140.963557329529	14.0662190568603	0.474157	0.04755
140.961919150053	14.0759305470407	0.345759	0.142488
140.735934012049	13.9763416656219	0.267129	0.070795
140.733816475947	13.9908987178951	0.34462	0.079402
140.722117008667	14.00744774593	0.442973	0.125734
140.929041371866	14.0073557892455	0.128832	0.041052
140.947483781842	13.9976480326018	0.20033	0.040457
140.947158412128	14.009241815016	0.485774	0.176892
140.921785895593	13.9994690657132	0.536915	0.083538
140.953617508328	14.000176952493	0.445422	0.104744
141.060097216855	13.9531347589044	0.40859	0.113338
140.962776108207	14.0567100693702	0.101718	0.023291
141.026135105139	13.9415306871845	0.197559	0.028812
141.037839224914	13.9185497553525	0.078211	0.025428
141.058258984395	13.9061330208341	0.33054	0.0835
141.052386780524	13.951710024712	0.18814	0.044415
141.055324578932	13.9594646221289	0.505709	0.121009
141.070854716999	13.9221264904764	0.448828	0.108321
140.991770469623	13.925152008006	0.246713	0.06969
140.999338123176	13.9023265916837	0.118643	0.062281
141.001775325875	13.9202845028371	0.50537	0.081504
141.004151735598	13.9197943245627	0.359259	0.060396
141.033338642264	13.9722025383997	0.345056	0.092014
141.057648788134	13.8981061501318	0.413401	0.063641
141.059355066242	13.9160308052272	0.355192	0.082084
141.064160107313	13.8966997886359	0.361467	0.044672
141.067454071051	13.8968120126978	0.410069	0.121725
141.065109701587	13.9214730114671	0.354222	0.07073
141.073325692818	13.9011402059647	0.412577	0.102653
141.08159097033	13.8935460542895	0.143515	0.101212
141.097007959885	13.8921904708291	0.314924	0.026876
140.823450301925	14.2548253673981	0.198851	0.029475
140.828169325153	14.2530849599832	0.34666	0.103113
140.823263339088	14.28076759851	0.367569	0.038338
140.811874154802	14.2620062901751	0.302959	0.033646
140.842556269738	14.2793224071148	0.095113	0.032675
140.8468017703	14.2817459190069	0.088594	0.032742
140.848902656272	14.2821602618792	0.29701	0.095522
140.854284137349	14.2718217827513	0.449303	0.080097
140.818163739789	14.260024446971	0.342039	0.116122
140.816873549254	14.2689227072337	0.35643	0.108741
140.829391911731	14.2847731624706	0.391719	0.042353
140.826798510795	14.2845036191721	0.325938	0.058929
140.833320302737	14.2781395064455	0.313023	0.074226
140.841193689301	14.2855782250013	0.418443	0.048745
140.852064361577	14.2536257745997	0.134258	0.045919
140.84688048692	14.2861496800875	0.381182	0.110162
140.842365801826	14.289579871569	0.554561	0.088719
140.848602685217	13.9171443440709	0.103664	0.132565
140.895524317835	13.9085426301458	0.200909	0.029621
140.9447640388	13.9397635523005	0.176144	0.037912
140.860628766379	13.9265978087416	0.124443	0.031075
140.960912750342	13.9023041688665	0.439455	0.106688
140.839568841864	13.8987435893249	0.125219	0.034587
140.901440368283	13.9091241504246	0.32864	0.059271
140.89185723534	13.9765608591048	0.215009	0.126035
140.893742806585	13.9727824193016	0.263007	0.076431
140.911544485415	13.9505721537704	0.38566	0.071967
140.912416033416	13.9593424056827	0.364092	0.082177
140.936733746648	13.9446031093794	0.405089	0.079144
140.853735296146	13.9298072338874	0.398455	0.030054
140.863156980083	13.9035502671656	0.227326	0.103745
140.859635441119	13.944386968306	0.37902	0.060204
140.866438588092	13.9187958840018	0.364801	0.103203
140.876594953841	13.9138323837606	0.508148	0.04644
140.868534984811	13.9521542401872	0.43405	0.067838
140.869459809112	13.9578068132924	0.180895	0.02693
140.871047961599	13.9588655074495	0.315543	0.108387
140.884579642901	13.8994599825408	0.339473	0.111216
140.88373459831	13.9211430332781	0.420178	0.056924
141.014924532618	13.9011935864856	0.362629	0.122721
140.980798469217	14.0589422875682	0.594996	0.062133
141.015157323697	13.9043389191651	0.412781	0.132113
140.982794991028	14.0543935574651	0.496467	0.089933
140.99437884674	14.0264175745563	0.279486	0.092605
141.015179208185	13.945420807848	0.414869	0.081413
141.021594182632	13.9316102991239	0.267925	0.085635
141.027716004981	13.9157776710691	0.538527	0.077895
141.030909324018	13.9040102386277	0.223943	0.046065
141.024286013438	13.9353162759102	0.524925	0.132845
140.998447278276	14.0524171541393	0.513674	0.164028
140.999321473178	14.0497529733195	0.281805	0.107626
141.00573278536	14.0285633345724	0.367877	0.115319
141.005477687678	14.0409061930025	0.399271	0.102181
141.018658111634	13.9969930816186	0.326196	0.131024
141.033632174912	13.9432792099323	0.574828	0.054131
141.018431784313	14.0142933567399	0.295887	0.098545
141.036385337172	13.9380267961938	0.358587	0.11081
141.033871187607	13.9538128716094	0.352472	0.09489
141.047560191013	13.9164133274303	0.467266	0.088804
141.044198675531	13.9355937532115	0.412654	0.181636
141.049285167222	13.918379362428	0.401423	0.041396
141.054755296883	13.9528262911982	0.342377	0.102776
141.004714656064	13.9963404735349	0.406729	0.072199
141.02965273062	13.9685397435677	0.38203	0.088382
140.715329184863	14.1033325765527	0.131152	0.014976
140.785825763769	14.1437936360276	0.14767	0.015332
140.771463396292	14.1412562784229	0.342087	0.055798
140.772226161949	14.1416232337922	0.25399	0.054746
140.754009610369	14.1423411663948	0.213713	0.03987
140.723296739146	14.1240072732149	0.248678	0.081191
140.728745863279	14.1235045030794	0.262898	0.037453
140.729403946963	14.1360012796857	0.112293	0.034123
140.734656421714	14.1542017403421	0.474098	0.107377
140.748599852969	14.1352646733805	0.23813	0.090132
140.760295996328	14.1490478114127	0.315151	0.116197
140.77274282344	14.1235079195996	0.347593	0.033317
140.768910583643	14.1397865503329	0.338179	0.054321
140.772674106169	14.1326996987267	0.410562	0.128145
140.780429627384	14.1334578573631	0.293854	0.082104
140.785548613612	14.1224502367956	0.444608	0.074297
140.786436917356	14.1376202699542	0.464995	0.030272
140.792433998291	14.1534554459145	0.418259	0.091045
140.793742397744	14.1541297030648	0.471122	0.055836
140.811273272372	14.1296809079588	0.261549	0.095811
140.914095884782	14.1521577320171	0.504127	0.053599
140.830561126901	14.1316361463174	0.130237	0.016789
140.869063961363	14.138005757893	0.377687	0.089972
140.884160180803	14.1564648747639	0.104569	0.01912
140.910403562705	14.1165194992829	0.116511	0.016278
140.9093361874	14.1133562710786	0.269506	0.17202
140.917588044581	14.1284380898792	0.14651	0.038991
140.917485558096	14.145453006842	0.130533	0.010036
140.948176673982	14.1026065844179	0.137609	0.011345
140.845994225083	14.1258176687919	0.141713	0.029484
140.905391528739	14.1197883312035	0.158512	0.05523
140.900597250612	14.1640192539998	0.144407	0.019916
140.895935616203	14.1840526295439	0.132245	0.031435
140.927879518062	14.1116891613718	0.153361	0.016456
140.928354547742	14.1090286534517	0.120613	0.041143
140.92848422638	14.1133203887727	0.39943	0.077648
140.816963975706	14.1260094667086	0.261383	0.037032
140.841634470303	14.2012432917516	0.214553	0.080131
140.936375495418	14.1291606473475	0.167081	0.037074
140.921228958948	14.1171778386851	0.181148	0.037717
140.801310469428	14.127516999985	0.350251	0.040742
140.799296176825	14.1404457247201	0.359816	0.077078
140.8173171079	14.142073154046	0.3974	0.125658
140.823197459845	14.1304259674917	0.296312	0.077256
140.835416204835	14.1053586230783	0.235852	0.098928
140.837359517537	14.1364730535611	0.217991	0.052281
140.859306035833	14.10592572144	0.339816	0.09945
140.865598924465	14.109446039485	0.374637	0.088285
140.869097610773	14.1013708895249	0.418089	0.132317
140.873431691276	14.1033445644205	0.303943	0.151837
140.868632568212	14.1483661585611	0.197881	0.033762
140.872891948099	14.1314026492681	0.257715	0.082044
140.884336834368	14.10055205021	0.268852	0.111202
140.871979774295	14.1490568315426	0.32294	0.075776
140.876736698536	14.1498686210882	0.419603	0.068848
140.879940669256	14.1559424304414	0.253946	0.126931
140.888947124224	14.155471237744	0.335028	0.024823
140.896473148061	14.1325858908898	0.374443	0.129614
140.901103961038	14.1158875072424	0.405154	0.077974
140.900940580162	14.1256235694934	0.28313	0.133231
140.905550040592	14.110034336518	0.382679	0.10187
140.89275026139	14.1619730068895	0.282325	0.11791
140.897129307677	14.1450833357731	0.420717	0.051974
140.89565461506	14.1602954046336	0.350085	0.0426
140.886118877233	14.2002906076208	0.184278	0.053386
140.885445943431	14.2039573429765	0.46663	0.046031
140.894657871084	14.1700396263672	0.38152	0.116036
140.903560309856	14.1375559321519	0.341147	0.089736
140.896031234415	14.1752923947916	0.514662	0.118137
140.886482139953	13.9234571660644	0.488371	0.154649
140.879245998685	13.9601343802801	0.137976	0.066647
140.882483805752	13.9676470940412	0.186217	0.098049
140.897027338428	13.9416313841371	0.523428	0.050067
140.90278962756	13.9248217165166	0.512005	0.04109
140.910009302085	13.9248458506988	0.581451	0.024574
140.916414959012	13.9103745505147	0.419023	0.084471
140.911321569657	13.9424535580129	0.435927	0.093498
140.906542033426	13.978892563422	0.449477	0.156673
140.923367941646	13.9057984761181	0.402835	0.084715
140.905164659787	13.9845028224159	0.125103	0.043629
140.906886932202	13.9846765126241	0.201878	0.079519
140.918858836655	13.9345909801152	0.395338	0.031811
140.919805540273	13.9323996643391	0.304851	0.19554
140.92196730222	13.9301136169786	0.406729	0.107444
140.911960621446	13.9880434058237	0.351097	0.068193
140.914760472232	13.9853364048236	0.382542	0.064986
140.915944406643	13.9852134823244	0.405228	0.122325
140.921636700519	13.9686468584884	0.333325	0.054953
140.929016614755	13.9592133085371	0.365666	0.087631
140.93063059747	13.953886964174	0.247388	0.086802
140.940649437575	13.9615401443239	0.509802	0.060341
140.942073401396	13.9594728346349	0.393776	0.101837
140.957674037647	13.9035826096862	0.342712	0.082982
140.948736711917	13.9727165310944	0.381367	0.15611
140.95094310218	13.9717408405355	0.432911	0.061019
140.949118558733	13.9900420133126	0.360393	0.128701
140.95141069127	13.9796574234892	0.367756	0.054898
140.955398672472	13.9577845196741	0.231807	0.111447
140.963118026735	13.9424998998812	0.427337	0.114869
140.963401352922	13.9504472070888	0.44116	0.103798
140.96053808198	13.9634211934796	0.413722	0.099911
140.903970220061	13.9417597751162	0.377448	0.068891
140.955172059989	13.9840615860126	0.428114	0.058577
140.989440416442	13.9366130346327	0.281874	0.049457
140.984117385154	13.9898069554438	0.19209	0.037509
140.997294645338	13.9538309293827	0.125212	0.027037
140.972754017312	13.9812447894085	0.182291	0.045471
140.959684325153	14.0102963265575	0.43964	0.129873
140.965566177712	13.9908983884578	0.422891	0.138604
140.971282976085	13.9652557035972	0.531886	0.103314
140.958951560445	14.0313288464158	0.271838	0.069944
140.967236760697	14.0203634126092	0.257446	0.074652
140.967294579235	14.0322116396558	0.51868	0.099445
140.969458233064	14.0248604783666	0.330333	0.049531
140.980897392924	13.9840252710433	0.424358	0.116145
140.995411996039	13.9810170960502	0.326749	0.12495
141.000290801133	13.9643049492231	0.510526	0.079094
141.002510588293	13.9587070635995	0.221164	0.081901
141.002958897178	13.9765221299977	0.278478	0.050741
141.004787169818	13.973594447251	0.279153	0.137661
141.003204927992	13.9870257005884	0.574736	0.053426
141.002043242035	13.9972259683724	0.538294	0.166359
140.994797678475	14.0380066085904	0.455836	0.125783
141.002816152812	14.0053612121827	0.32732	0.116485
141.012187010843	13.9686023550472	0.534979	0.062474
140.998681405416	14.0452802760897	0.363848	0.121974
141.017419650642	13.9902565185047	0.527673	0.095002
141.00404144612	13.9557749927637	0.460263	0.058645
140.937349432146	14.1736567099753	0.158289	0.02037
140.930003881499	14.18049564518	0.131358	0.01642
140.931544756722	14.1788962436295	0.115296	0.063438
140.89443064385	14.2057466216714	0.225509	0.085807
140.917536190001	14.1143123963155	0.401437	0.066895
140.901384771569	14.1830839529545	0.368402	0.093657
140.895240984251	14.2138167484277	0.450932	0.087736
140.904282281961	14.1857032126224	0.26137	0.118915
140.905021159029	14.1889445890569	0.312756	0.116955
140.923734587495	14.1157309930468	0.279292	0.073738
140.920096217389	14.1333825069487	0.362808	0.181225
140.910161559424	14.1725303942459	0.331492	0.134503
140.920529780779	14.1541617725248	0.529267	0.11484
140.934643410557	14.1066865931084	0.381354	0.04813
140.932035395596	14.1189156829847	0.401157	0.197986
140.932274640791	14.1324583161288	0.334825	0.135082
140.930866732515	14.1422482028495	0.399643	0.027237
140.93997445783	14.1062070320741	0.479909	0.11018
140.921329170898	14.1853579047575	0.480415	0.130276
140.942375575973	14.1120447281606	0.222069	0.071328
140.917580387267	14.2185856818844	0.367405	0.158185
140.945927648413	14.1081217935939	0.214076	0.068577
140.939327001352	14.1609874718368	0.221958	0.124035
140.95377999339	14.1082804670381	0.162711	0.05779
140.935293137264	14.1959029782872	0.260958	0.122102
140.9515731196	14.1381915883836	0.441447	0.113132
140.880207700297	14.1109373548155	0.433973	0.09425
140.948459855527	14.1710997288826	0.13649	0.021484
140.952188790209	14.1698674424259	0.404338	0.101717
141.022105720091	14.1726311783816	0.173903	0.042537
140.997047840651	14.1812611283913	0.181099	0.028879
141.024871037265	14.1724800416381	0.178941	0.017591
140.999011633115	14.1792147306516	0.156467	0.015089
141.030402669853	14.1678227502267	0.194515	0.023156
141.01898474545	14.1737066202425	0.206077	0.076001
141.023771522586	14.163497466543	0.193349	0.034726
141.005333937043	14.1743641895961	0.193109	0.054585
141.002971853683	14.1661107981922	0.250037	0.072469
140.99919475911	14.180205459368	0.228974	0.054027
141.011981357353	14.186834152155	0.260086	0.02716
141.031540542106	14.1627113116583	0.173365	0.027935
141.033665621679	14.1687112751562	0.2627	0.118373
141.024291232849	14.187823580348	0.179045	0.054445
141.034141229685	14.1707289395313	0.305522	0.103173
141.015233952219	14.1938245791213	0.288696	0.130382
141.054247411621	14.1086068650907	0.248073	0.062641
141.050085861229	14.1020079363308	0.150462	0.067036
141.058849266002	14.0962646249018	0.260374	0.087112
141.069714659067	14.1015395819281	0.131261	0.013265
141.081216784783	14.2350702701552	0.127261	0.02014
141.095179459033	14.1141659827719	0.120022	0.021434
140.946995197584	14.1794304309945	0.151881	0.010376
140.947635018611	14.178538880179	0.187137	0.036864
140.947238995674	14.1801943666558	0.162105	0.065124
140.944631303419	14.1790987418608	0.393147	0.109579
140.944827671438	14.1766400611369	0.269324	0.144387
140.96788051714	14.1036270961995	0.143571	0.007919
140.947717405865	14.1877988678028	0.158087	0.012706
140.946969154375	14.1879286779493	0.239126	0.05655
140.946327512401	14.1908719791958	0.159167	0.02499
140.954341262625	14.1802868511155	0.141435	0.008692
140.969858988862	14.1691980079015	0.087568	0.012549
140.971704862375	14.1710833652281	0.125806	0.061945
140.974160178892	14.1845481636637	0.133463	0.008073
140.980463800864	14.1839064531386	0.2286	0.057342
140.980823785822	14.1845772596523	0.383981	0.182647
140.97752352508	14.1890512969817	0.152277	0.01623
140.975638076655	14.1907947507797	0.192904	0.048148
140.991939506287	14.1719753255718	0.155078	0.012286
140.997237237013	14.163878774439	0.145531	0.009761
140.997846635697	14.162312011275	0.11799	0.03624
141.006803611947	14.1383329844171	0.135977	0.008865
141.009414065502	14.141106903379	0.212172	0.054339
141.007764325174	14.1370386639855	0.414251	0.056288
141.012885442769	14.1227197955966	0.126206	0.009243
141.021464729249	14.1093800249098	0.121028	0.019142
141.012339746877	14.1576462726927	0.149086	0.011253
141.0190788554	14.1338969024153	0.134258	0.007551
141.017905820671	14.1548589154333	0.13409	0.015553
141.041555704194	14.1191060475087	0.108377	0.021014
141.044194724023	14.1197096078598	0.148884	0.016851
141.038645288216	14.149084489729	0.155491	0.014522
141.030997654787	14.1792190316995	0.156937	0.02521
141.030396438927	14.1812098380185	0.248916	0.082013
141.050477181258	14.1202226376118	0.13773	0.01291
141.047859548825	14.121164833152	0.257615	0.088265
141.045960836703	14.1406641683496	0.138318	0.008629
141.046886897129	14.1509607034159	0.137261	0.008998
141.055644565696	14.138009360744	0.144113	0.017484
141.048968684732	14.1763954559466	0.145442	0.014039
141.045338633399	14.1895682194606	0.160561	0.017085
141.064194518478	14.128372265621	0.146112	0.00675
141.065444129369	14.1233554271283	0.12829	0.012082
141.067823545173	14.1247707670804	0.222866	0.121174
141.065011704943	14.1223853783359	0.416267	0.115
141.048820716575	14.2054239315468	0.14279	0.013959
141.037011437984	14.207856857849	0.327557	0.107343
141.057511345441	14.1976958754187	0.121546	0.010662
141.082731237185	14.1234630813446	0.147891	0.009353
141.09093750313	14.102010875935	0.289863	0.138547
141.089119616551	14.2240539486788	0.156485	0.01251
140.959249573678	14.1506898197187	0.154136	0.034193
140.964470443822	14.1427613342024	0.141924	0.014506
140.98701754926	14.1572848756443	0.153081	0.033848
140.985521564045	14.1599275146471	0.251936	0.14691
140.998641866646	14.1536701725597	0.131256	0.019697
141.016406025122	14.1460739325533	0.155726	0.030627
141.018733138065	14.1454789148556	0.169123	0.034731
141.030730849756	14.1381670768425	0.13516	0.018997
141.028416827758	14.1578161576991	0.143217	0.025998
141.030176164605	14.1600887044213	0.252777	0.087367
141.020342915412	14.1908066707345	0.161504	0.014985
141.036152782982	14.158942655603	0.143124	0.01934
141.039836511001	14.1838406810703	0.158371	0.018594
141.042286773125	14.1839650928278	0.471044	0.104019
141.03963621009	14.1880886952152	0.166057	0.03041
141.046446784041	14.166969233269	0.159222	0.037316
141.060857327293	14.1459932014451	0.130993	0.014278
141.07628450056	14.1338949398997	0.127965	0.015518
141.073479941786	14.1319365606587	0.184741	0.035472
141.074039723224	14.134726733489	0.143074	0.033751
141.069003716111	14.2250080219372	0.170348	0.031278
140.999109568694	14.1132627679063	0.17017	0.043761
141.00044164367	14.1126532109934	0.327232	0.07602
141.0528415961	14.1113141364978	0.136578	0.035428
140.955491620757	14.1891721336821	0.231779	0.0431
141.019918263768	14.0960073947677	0.473386	0.091407
141.022239582492	14.1430495212757	0.394933	0.075709
141.046928871384	14.1698306792801	0.106455	0.042332
141.062748733942	14.161930461342	0.322648	0.137209
141.070019076894	14.1351113068283	0.151118	0.031163
141.069095955972	14.1432752131065	0.11681	0.028152
141.092039630359	14.1059516838585	0.479571	0.104816
141.091113531694	14.2093796768232	0.159145	0.048358
140.942851898867	14.1777810951777	0.36621	0.123197
140.940975254365	14.193777230441	0.25588	0.130043
140.95890716183	14.1363425359172	0.407827	0.084146
140.96453521258	14.1201949852164	0.261897	0.136462
140.955628497973	14.1590351790414	0.395101	0.070296
140.97136407071	14.1013820922313	0.498648	0.044246
140.949062424755	14.1982935858162	0.262553	0.069401
140.951916357912	14.1885767896938	0.241263	0.057242
140.957455939707	14.1862411745442	0.238947	0.108741
140.96588775423	14.1920648818053	0.589395	0.1165
140.969719634069	14.1947086239255	0.385645	0.126918
140.981187735735	14.1535887094633	0.366606	0.114824
140.99425944535	14.1089531244568	0.286236	0.034907
140.984590401053	14.1482500137441	0.264355	0.061692
140.972931047686	14.1967281426859	0.354012	0.056624
140.978065552457	14.1943835325971	0.354659	0.164344
140.992204953885	14.1410966186633	0.150299	0.031931
141.002721514737	14.0970410567533	0.300894	0.069233
140.986024616669	14.1764520393095	0.243319	0.059431
140.980878789748	14.1975097190059	0.382138	0.112767
140.983221294178	14.1906171793333	0.378514	0.10172
140.982198959475	14.1952632725469	0.353234	0.107353
141.009772109383	14.1190193266727	0.373332	0.063351
141.002198918545	14.1512710282419	0.463179	0.111829
140.994507069854	14.1835869810467	0.324991	0.074842
141.004953587361	14.158481560401	0.172051	0.040653
141.018667827942	14.122568290904	0.391524	0.106939
141.018920320198	14.1579301807868	0.162264	0.037284
141.024767878054	14.134764944621	0.482935	0.028761
141.320634029918	14.1926595587938	0.179285	0.030892
141.26385428961	14.280872273596	0.263471	0.058752
141.270918221533	14.2727474582953	0.39193	0.070674
141.273674595381	14.2733272140876	0.3902	0.075201
141.278653318183	14.2568882058493	0.16749	0.013269
141.281363771956	14.2644725321506	0.15262	0.03449
141.331222194258	14.2805319392377	0.130262	0.028585
141.286007376518	14.2447754885549	0.232004	0.08995
141.282678659588	14.2757245426792	0.501224	0.178554
141.285116741701	14.2797893086588	0.471626	0.024296
141.313045689111	14.2085498095935	0.218148	0.094477
141.29603229578	14.2881034679124	0.58	0.129882
141.303657791622	14.2729951245772	0.240958	0.103981
141.317487794119	14.2863833697715	0.197243	0.05411
141.27752830047	14.2909588453005	0.493542	0.130739
141.294452680858	14.2532005557013	0.480645	0.043755
141.021800974293	14.4681002262098	0.335783	0.12641
141.018444588088	14.4897526388048	0.368134	0.159862
141.062848283999	14.4802911845869	0.15062	0.016904
141.036750641432	14.4649218411419	0.374928	0.067101
141.072750622908	14.4756391833967	0.540513	0.041596
141.054241626494	14.468361761542	0.268403	0.162482
141.023582580911	14.4982885805949	0.473782	0.121022
141.028361536005	14.486954690776	0.366293	0.02909
141.050860224931	14.4733043041453	0.499888	0.085359
141.094177049214	14.4842480209609	0.364886	0.05808
141.119049374177	14.4835480078241	0.481312	0.123679
140.76688341656	14.1936418840167	0.224957	0.073519
140.816879468513	14.2300986415397	0.062614	0.013712
140.82543517555	14.2408695539378	0.289262	0.107598
140.840690689056	14.2440818433179	0.446346	0.032101
140.847878824254	14.2686352703376	0.445339	0.130859
140.826808401826	14.2250863438009	0.152125	0.01423
140.86429406035	14.2151121939527	0.1472	0.009592
140.88645150422	14.2207055463779	0.127432	0.02547
140.835793071116	14.2097304429613	0.250481	0.016892
140.827296204118	14.2664588337776	0.316923	0.029455
140.84012365857	14.2365646286734	0.120247	0.011084
140.839714575603	14.2338300191967	0.44135	0.040189
140.883340899862	14.2268749064953	0.181035	0.034232
140.780568249756	14.2202794065117	0.402215	0.037368
140.842792924754	14.2300141325236	0.113158	0.035123
140.86769745666	14.2412243264988	0.097879	0.043049
140.781010000996	14.2088853706579	0.31032	0.114602
140.794947493724	14.2360736358195	0.393387	0.091934
140.805015477158	14.2455326309162	0.368709	0.14839
140.816839306264	14.2346528047901	0.347206	0.091914
140.835974052555	14.2166413838347	0.315197	0.089849
140.83655178496	14.2300721281051	0.404861	0.135962
140.82720688351	14.2757795984318	0.438137	0.107376
140.844774296716	14.2509281642192	0.297283	0.118653
140.849883673127	14.2340122297084	0.124752	0.047951
140.855502028667	14.2256847613385	0.355993	0.121903
140.860014262822	14.2220493778723	0.484566	0.022789
140.857747771431	14.2228261246105	0.487528	0.050772
140.848872430877	14.2738340082057	0.363814	0.059166
140.868170217431	14.211000421493	0.306143	0.081029
140.863411602594	14.2330975164515	0.371939	0.043567
140.860717360482	14.2453041425851	0.318355	0.115216
140.868227458765	14.2249921303567	0.416892	0.080656
140.872179615521	14.2239927385805	0.339637	0.032471
140.873302279695	14.229939862317	0.345758	0.085917
140.879793461367	14.2179868449462	0.365586	0.041266
140.787223829882	14.213230408805	0.383826	0.07976
140.858702914803	14.2426581977707	0.548957	0.087781
140.863654519116	14.2397070671145	0.485328	0.030658
141.133257353972	14.4482122699155	0.357018	0.131274
141.089659006672	14.4408715460752	0.030126	0.022442
141.036291583411	14.4634077293526	0.23442	0.018576
141.139143743774	14.4701102542854	0.142415	0.040097
141.077874944924	14.4700088893631	0.106557	0.033516
141.096543832731	14.427246966169	0.18606	0.05423
141.146345430739	14.4390690086911	0.11764	0.02892
141.163506795052	14.4178413661577	0.376377	0.117667
141.033477386978	14.4440210478907	0.378401	0.116277
141.046985450977	14.4496530480708	0.435771	0.09193
141.070199064107	14.4405947483562	0.362319	0.090675
141.107024755239	14.4056263929269	0.442452	0.131753
141.122118598127	14.4043163062688	0.476157	0.09752
141.106467055061	14.4686988738048	0.426367	0.094962
141.105388616563	14.4706736480381	0.351978	0.058536
141.109559460868	14.4809914963097	0.549112	0.106246
141.121999270548	14.4734490075514	0.328969	0.078824
141.130220848597	14.4421173764229	0.481153	0.070873
141.130608642868	14.4547033524914	0.52788	0.077136
141.129408725773	14.4625293332578	0.440181	0.176848
141.154043699909	14.4142012697654	0.306907	0.134292
141.159210090199	14.4011454626544	0.375241	0.049598
141.157860235578	14.4282944577173	0.275683	0.074305
141.157794973359	14.4366072102487	0.397451	0.08196
141.167176744233	14.4182049116829	0.394244	0.067353
141.029090638289	14.4371163599263	0.473432	0.049478
141.109077319769	14.3993677584433	0.450206	0.031677
140.729019582592	14.0971457346256	0.411024	0.09964
140.69754113694	14.1250848354327	0.146935	0.02795
140.758486930814	14.03060013665	0.080344	0.022744
140.763630964289	14.0578483247923	0.177271	0.042741
140.774914467681	14.0326431304195	0.149512	0.046402
140.768041043269	14.0822204632229	0.352101	0.074023
140.67655240197	14.1013933299137	0.350108	0.131244
140.674468664997	14.1349424879967	0.452489	0.088424
140.68775789902	14.1547963736443	0.393407	0.148158
140.705599868464	14.1014536223938	0.380454	0.169925
140.706718211549	14.0997578666138	0.36081	0.102523
140.697386050883	14.1471416544804	0.331501	0.075843
140.702325707347	14.1327109911523	0.340121	0.11878
140.71870955497	14.0801681216013	0.427865	0.051977
140.718436969917	14.0901869464848	0.373705	0.106801
140.718463123147	14.095859193957	0.16657	0.045719
140.743481486212	14.0272021727998	0.272781	0.051099
140.7480149981	14.0215105717508	0.474896	0.161412
140.741671552133	14.0769809568939	0.401367	0.076285
140.757216294227	14.0212582893841	0.292346	0.110145
140.723803333681	14.1511817634935	0.571938	0.039525
140.725708469665	14.1522043891504	0.579313	0.124
140.750778798933	14.0615399183922	0.393837	0.104351
140.756490854346	14.0428376873866	0.386396	0.084836
140.756813048577	14.0541335263284	0.351444	0.106261
140.760443125333	14.0421976401737	0.279645	0.071204
140.765368319054	14.031689933386	0.106948	0.067415
140.763801555473	14.0530733792681	0.339899	0.128338
140.769740304463	14.033487263661	0.543602	0.100286
140.76082232668	14.0726825123384	0.414571	0.11499
140.769785380705	14.0704804194103	0.464245	0.105402
140.783268826616	14.0521793877397	0.437834	0.091755
140.793131373743	14.0306239361054	0.385282	0.135224
140.778518695052	14.0894418978058	0.365352	0.096745
140.780044873921	14.0991160209497	0.483355	0.107393
140.794839552837	14.0503780951674	0.459528	0.037406
140.803124825886	14.0371006430706	0.396805	0.083933
140.80792985738	14.0324775507732	0.381311	0.087046
140.805366761405	14.0681188644133	0.358348	0.067878
140.804732994708	14.0762803991244	0.260606	0.114264
140.697144863936	14.1003815282427	0.478555	0.047323
140.695132739945	14.1189198805516	0.510396	0.087471
140.717911237259	14.1560666503181	0.595225	0.11651
140.797178666022	14.1537896680892	0.249659	0.030557
140.797839273722	14.1576599525489	0.253704	0.064706
140.791852435606	14.1750344312983	0.461283	0.154583
140.813644138966	14.1730416649175	0.211262	0.123022
140.807580456435	14.1813832492021	0.429226	0.190409
140.838032296838	14.1639143878362	0.152036	0.014507
140.875797604328	14.084928613266	0.152939	0.034734
140.902979534708	14.0512883841485	0.141802	0.011887
140.925178739517	14.0803319256603	0.091763	0.025102
140.934208465245	14.0805760672706	0.12453	0.012442
140.875638779128	14.0575313968902	0.255864	0.032179
140.933916605573	14.0849787711082	0.249677	0.079994
140.816933709769	14.1933994388412	0.438551	0.093968
140.860660468427	14.0729372231478	0.164521	0.050587
140.847225534583	14.1835767219372	0.252446	0.087398
140.850822125006	14.1758986378054	0.104053	0.027661
140.885761196089	14.0601007643578	0.236392	0.052558
140.881765368237	14.0739556947033	0.512058	0.114003
140.868334320643	14.1634604595843	0.143319	0.033246
140.869344187081	14.1717843081788	0.073846	0.042324
140.868536027978	14.1703927908308	0.399141	0.169051
140.920948842496	14.0500058990441	0.09328	0.041918
140.920092722485	14.0535148037842	0.36909	0.094516
140.819589212592	14.03994256361	0.383567	0.15895
140.819470945987	14.0525662310063	0.350382	0.097609
140.82212581793	14.0478814758488	0.486497	0.048258
140.826669071809	14.0654150483692	0.493255	0.037988
140.832704267928	14.047823193035	0.287118	0.031741
140.825103391837	14.0802994432015	0.336284	0.0883
140.827584533283	14.0798038986885	0.423305	0.111594
140.807455884785	14.1855143936454	0.33259	0.065205
140.830402731067	14.0962128643409	0.349026	0.101402
140.839700512614	14.0733608577824	0.503918	0.026645
140.847163978929	14.0886252784548	0.425505	0.0845
140.861443142571	14.0485988431389	0.439124	0.057279
140.852313507909	14.0913988486973	0.439913	0.125977
140.852772929918	14.0954391852396	0.430929	0.072494
140.863952623052	14.0915337206932	0.176487	0.076821
140.884629910213	14.0503745343043	0.353774	0.123383
140.85533486724	14.1714682645387	0.389488	0.025908
140.850948400558	14.1990613026006	0.437173	0.025312
140.860369744449	14.1648678616362	0.384526	0.101053
140.883535283223	14.0856221498125	0.226352	0.120948
140.887124792136	14.0766465100126	0.138836	0.042734
140.863896496572	14.1854831156909	0.380114	0.060061
140.858794396151	14.190849958432	0.300249	0.11798
140.88623312504	14.0891067262524	0.278396	0.13245
140.859943580317	14.1963252875195	0.45801	0.086082
140.862770278887	14.1922642113669	0.522831	0.154685
140.899000121769	14.0544313223329	0.510766	0.132561
140.869736672908	14.1755557909213	0.352112	0.049863
140.869305150974	14.1762069331529	0.300033	0.090223
140.898176940141	14.0744038201695	0.398913	0.13292
140.872119368144	14.1771843762516	0.378542	0.033367
140.871640585744	14.1937569327931	0.371372	0.050924
140.901907519686	14.0767367884339	0.50508	0.079506
140.87784019205	14.1733461507806	0.422163	0.132317
140.922027667582	14.0621255364307	0.337314	0.099265
140.895800195868	14.1993590487674	0.344782	0.055717
140.936638308215	14.0972341917022	0.346276	0.127128
140.945988849986	14.0830356749154	0.323674	0.08168
140.92779980159	14.2003704008479	0.328033	0.114853
140.923960415162	14.1993246104542	0.359644	0.131031
140.925866767753	14.2126550974317	0.509996	0.12433
140.836726239656	14.0350040132185	0.475822	0.033711
140.828177162934	14.0735167462812	0.450117	0.078168
140.853487675254	14.0549848183669	0.40592	0.075446
140.829838438035	14.1599744287812	0.540184	0.047754
140.86558670725	14.0977499383345	0.482281	0.032248
140.945840242888	14.2250799797352	0.384826	0.122652
141.004303439951	14.2013108225888	0.433796	0.107347
141.009975041131	14.2086481754505	0.288222	0.120222
141.03140313823	14.1977078033728	0.144573	0.047675
141.011599320139	14.2432960233463	0.12105	0.012027
141.013846339257	14.2433552410923	0.201977	0.082269
141.036736272899	14.2354113365199	0.404136	0.126344
141.055106231068	14.2353863237331	0.431412	0.111243
141.098941366512	14.1146898211176	0.460618	0.060699
141.106054760162	14.1228273510076	0.198028	0.048021
141.105522786476	14.1223372961719	0.349995	0.029868
141.114768434702	14.1201962429533	0.15887	0.056029
140.960898766134	14.2289871134065	0.138521	0.009709
141.050169163132	14.0834922209693	0.127304	0.011108
141.045759951642	14.0824732429084	0.312103	0.03032
141.043382461	14.0799859810884	0.456355	0.169169
141.054108310134	14.0843386953369	0.346487	0.118261
141.047445281063	14.1922545576305	0.140367	0.020667
141.049891374015	14.1914063268293	0.17788	0.064517
141.066060101894	14.1696847841558	0.126125	0.009342
141.075061741869	14.1730795726772	0.492452	0.106185
141.089319412626	14.1818269742346	0.152489	0.042052
141.102140733258	14.1297979859284	0.136772	0.008686
141.095415897057	14.1568957141771	0.150342	0.007276
141.098076939529	14.1562583066643	0.36993	0.023994
141.095338100924	14.1601832435464	0.114051	0.041487
141.100830605765	14.1473180891078	0.148227	0.018683
141.101390869795	14.1478309721538	0.144957	0.022531
141.098921043347	14.1496808398119	0.223205	0.04425
140.954808771577	14.2028371499577	0.410245	0.097396
140.950411230698	14.2202558999487	0.121419	0.017911
141.013927972635	14.2161914642067	0.146763	0.044148
141.055133173183	14.1830765433401	0.127108	0.033297
141.078271486384	14.0877979046464	0.413644	0.032101
141.079961137059	14.0883239919689	0.187048	0.052982
141.044657402516	14.2477836604273	0.18675	0.033431
141.058695290226	14.2326348073241	0.135535	0.019949
141.079784833774	14.161582350244	0.130907	0.041382
141.086663322401	14.1414162887359	0.194159	0.049172
141.081476943067	14.1828556164297	0.176919	0.037055
141.071869771769	14.1639145362106	0.170095	0.037704
141.071778637431	14.1659379445354	0.366172	0.110136
141.094025556959	14.1703387586542	0.204985	0.041776
140.937349583637	14.2072983216389	0.126815	0.032463
140.938554925104	14.212259284801	0.189886	0.055113
141.032215504111	14.0849212777028	0.186973	0.05726
141.000657106028	14.2254935085535	0.259486	0.108113
141.029487598731	14.227225707572	0.108729	0.028027
141.05859426223	14.1752921325707	0.347614	0.099647
141.0581110104	14.1752914056698	0.167371	0.059522
141.060390192941	14.1699344035555	0.211895	0.094562
141.076155846792	14.1480510635804	0.149167	0.042304
141.068401170372	14.181394538212	0.189409	0.123752
141.091495744292	14.129003071678	0.21471	0.191686
141.091784801953	14.1603531916892	0.129396	0.03495
141.106372625831	14.1415107285617	0.226899	0.035318
141.030485350236	14.1434235775567	0.359107	0.079659
141.028870960398	14.144631565748	0.353327	0.128919
141.038300215202	14.1139333878876	0.406191	0.116102
141.03154915865	14.1496758373633	0.283823	0.083014
141.046910509347	14.0956438912824	0.40207	0.091013
141.026635595056	14.1850602768075	0.341352	0.134665
141.026767254064	14.1879634331385	0.207665	0.059445
141.028038756291	14.1871951983011	0.176813	0.078885
141.046046432589	14.1161116490616	0.164209	0.04554
141.044599542567	14.1232762525169	0.182263	0.046168
141.038944473838	14.1542020591881	0.360571	0.119991
141.049383141969	14.1143678650372	0.407766	0.063911
141.036402231842	14.1731554385208	0.327073	0.100429
141.032851504054	14.1821023572771	0.236435	0.058932
141.05133037763	14.125961286367	0.24589	0.096459
141.053649595482	14.1245003874453	0.3326	0.124428
141.055282927942	14.1204276319413	0.146212	0.038556
141.056167915485	14.1163256686115	0.24941	0.114711
141.044425047272	14.1647200735185	0.458377	0.029261
141.04450978879	14.1639157430827	0.446845	0.060144
141.044167803791	14.1661914756837	0.362387	0.113814
141.046907245411	14.1567377200847	0.264292	0.102575
141.056853338864	14.1286172696334	0.186611	0.059684
141.053972184289	14.1404422083195	0.373165	0.139756
141.05478499665	14.1332621124724	0.375522	0.142418
141.060347760177	14.1374377690586	0.207836	0.073037
141.048769742437	14.1833799383347	0.301076	0.083109
141.053582818143	14.1676954358254	0.405118	0.118383
141.054715325182	14.1731125468	0.418338	0.07564
141.056838424801	14.1624608782702	0.335504	0.110643
141.063804925733	14.1404373408512	0.161699	0.039406
141.052326349706	14.2023208812685	0.297434	0.098169
141.072233829032	14.1238429117385	0.388925	0.129826
141.074885750055	14.1150442752002	0.285974	0.08685
141.053692484407	14.2077154000099	0.332896	0.091591
141.06630413876	14.159548793734	0.165654	0.056309
141.077267547765	14.1203678522344	0.198988	0.060765
141.077333298982	14.1241393352091	0.483399	0.152173
141.077019870433	14.1296101736475	0.224219	0.070861
141.080864677089	14.1151363013383	0.420229	0.047134
141.077272391392	14.137708739346	0.384351	0.143197
141.066628001755	14.2262486571275	0.170037	0.064784
141.072836633974	14.2076074255372	0.236154	0.056689
141.101289071894	14.1039689747022	0.101053	0.039007
141.075646770534	14.2151469596143	0.377664	0.155877
141.073936359686	14.2242803870422	0.363511	0.043237
141.078745577641	14.2143958627974	0.292289	0.079062
141.07860734393	14.2245156648515	0.401669	0.032663
141.081284159034	14.2267743814826	0.398681	0.045784
141.077310382887	14.2554312867847	0.314924	0.037586
140.97132708113	14.1513326187056	0.442278	0.122409
140.989785402137	14.1270156791841	0.402396	0.05358
140.979831557649	14.1792127043924	0.463354	0.040109
141.066698834376	14.2235697762541	0.401299	0.100722
141.103153374538	14.2007247613136	0.127567	0.009413
141.100872005054	14.2044468838681	0.088624	0.048436
141.115600085803	14.257368327249	0.493005	0.030578
141.161452178994	14.1976219174617	0.493935	0.131502
141.188098524946	14.1298598393308	0.127102	0.02686
141.245090947065	14.1278401747136	0.39108	0.079962
141.09585846528	14.2065411489428	0.154938	0.029793
141.08892200929	14.2467551954532	0.15044	0.016576
141.157795294128	14.127535886279	0.099662	0.02231
141.160414444931	14.1308554867935	0.099412	0.030448
141.13214063817	14.2501109496597	0.116654	0.008833
141.16301280224	14.15808282003	0.228673	0.112362
141.148260500897	14.2381083434001	0.13844	0.009066
141.145639774182	14.2373506682915	0.391316	0.035464
141.149469763799	14.2652342717699	0.104474	0.031067
141.206387157833	14.1238869208577	0.125061	0.008662
141.22552443343	14.1663767226363	0.1977	0.030937
141.224637352351	14.2275687598786	0.15808	0.010857
141.246618532672	14.1440857889755	0.120667	0.031006
141.241556354459	14.2150434966742	0.378441	0.065753
141.24001088995	14.2421589790615	0.11935	0.030518
141.124481139431	14.0998563746587	0.106617	0.028756
141.093166687198	14.2542934226756	0.44641	0.07367
141.092838243106	14.2535932862182	0.089602	0.025234
141.158477696903	14.2259469984661	0.235862	0.062733
141.216947645063	14.1287741673659	0.194459	0.023342
141.210045743039	14.2751341325341	0.192191	0.008377
141.184560048493	14.2697783628351	0.522277	0.027882
141.185962239688	14.2695595670619	0.194821	0.062276
141.222135224039	14.2656990102522	0.195581	0.026735
141.093793164768	14.2099337555947	0.283255	0.08208
141.126050348704	14.2080779494585	0.140046	0.036383
141.140432145462	14.2028078280192	0.130899	0.035783
141.172794885915	14.1038505710835	0.168635	0.034325
141.141460409123	14.246431353061	0.241592	0.057972
141.149348152449	14.2202697223552	0.15106	0.042936
141.18233676635	14.1905393534855	0.244147	0.128563
141.219324113253	14.1367599452569	0.200287	0.041077
141.261305352478	14.1318183415527	0.411297	0.057688
141.240922409214	14.2372358761105	0.117759	0.054423
141.121690810898	14.1024266717399	0.429174	0.097074
141.12731061128	14.1058526193539	0.358819	0.109782
141.095099398807	14.2501002660247	0.361753	0.101206
141.091856397249	14.2619855073186	0.499887	0.153132
141.135415342367	14.1230648999023	0.211384	0.082201
141.108355154298	14.2526617771055	0.172865	0.044244
141.146070033637	14.1020988822757	0.555122	0.084969
141.107167481196	14.2608415269624	0.478824	0.110689
141.142981298686	14.1279664957001	0.433697	0.179045
141.148490754358	14.1263023198318	0.130048	0.040494
141.151224472915	14.1285785428088	0.41907	0.066018
141.120581989782	14.2545034458378	0.4889	0.030881
141.119491792576	14.2528338718445	0.278426	0.137683
141.137167899997	14.22530051035	0.450776	0.07168
141.133342360274	14.24587913318	0.444359	0.084335
141.16184663805	14.1655223713347	0.32633	0.061419
141.176482430703	14.1309930526087	0.351487	0.037359
141.146101822776	14.2540365922698	0.474262	0.154895
141.153063769471	14.2324679439363	0.538296	0.06468
141.184761404055	14.1252704165822	0.441423	0.09568
141.175620329466	14.1679371678516	0.397262	0.094375
141.168945895281	14.201716603274	0.376966	0.073581
141.169808213638	14.2163208594562	0.181277	0.07135
141.173935373594	14.2249238986672	0.175923	0.041184
141.16298844603	14.2675376109517	0.455656	0.095916
141.203404066569	14.1097040972875	0.162378	0.066834
141.171825015158	14.2596283467312	0.469043	0.121219
141.207525797373	14.1276045741156	0.445112	0.050897
141.207117069415	14.1290292487712	0.39133	0.20228
141.190198929407	14.223431957808	0.367994	0.060556
141.177044616576	14.2716547714925	0.429282	0.057916
141.181018366798	14.2578974014275	0.50298	0.037009
141.208714609761	14.1558767419279	0.364296	0.153447
141.217949909967	14.1215545841087	0.349851	0.144485
141.19694284944	14.2312788982025	0.206548	0.056884
141.198407980009	14.2179309763827	0.480502	0.069881
141.216756790755	14.1478782351438	0.282327	0.143277
141.213431091093	14.1632064757818	0.361768	0.052215
141.20554862317	14.1948178035835	0.573901	0.099682
141.212320218144	14.1713677823613	0.46228	0.140439
141.226997050001	14.1167778270625	0.371677	0.104862
141.228969375007	14.11858981449	0.440031	0.025093
141.200834629398	14.2232685160554	0.316959	0.111536
141.19293591676	14.2663326983954	0.449758	0.02423
141.213321636274	14.1894121120315	0.409377	0.084528
141.206614452301	14.2170863823896	0.235641	0.056013
141.19716683339	14.2558251746712	0.280282	0.07146
141.193602932674	14.2700416686787	0.45724	0.032933
141.22897612865	14.1310106903873	0.329766	0.091755
141.192762494194	14.2747775509437	0.456542	0.030156
141.195610600598	14.2768162735676	0.182965	0.032643
141.222255607049	14.1722692709463	0.317059	0.080925
141.229215491312	14.1646482824906	0.358537	0.066116
141.203500629329	14.268005795283	0.231322	0.042059
141.226898603316	14.1749287403835	0.457392	0.086895
141.236953186911	14.1450166584605	0.369493	0.08962
141.243671316118	14.1393687829885	0.298285	0.101485
141.226276361988	14.2241983668595	0.493696	0.086974
141.213637160233	14.2801899689328	0.337535	0.148209
141.246983803165	14.1491396188322	0.336282	0.095607
141.215453694491	14.2747167750324	0.363949	0.09563
141.233921746852	14.2174884658214	0.357694	0.054107
141.236549782268	14.2210985550225	0.1534	0.076062
141.223356198716	14.2833443208025	0.477462	0.107
141.237670228751	14.2324924577904	0.106767	0.127915
141.264156420053	14.1370228985222	0.477404	0.06271
141.245802936754	14.20854735167	0.408637	0.074008
141.227166664944	14.2862430634856	0.379903	0.060433
141.245537142126	14.2204484567217	0.415168	0.146627
141.263395483977	14.1512376628222	0.392084	0.045804
141.228836822349	14.2921482675398	0.401451	0.090514
141.267695569575	14.1426912311851	0.389464	0.061996
141.270728232683	14.1324784412858	0.398381	0.095454
141.094562542776	14.2608280287271	0.447046	0.05308
141.194847484013	14.1301007973837	0.466197	0.071326
141.212683561848	14.13095214546	0.447851	0.052877
141.18272316569	14.2839595941929	0.465929	0.036643
141.222337596849	14.2067172383943	0.530954	0.037302
141.206821727368	14.2827954324065	0.438719	0.03876
141.233214199424	14.1886720906674	0.455016	0.046135
141.244929644529	14.1508016754789	0.400757	0.081158
141.246303535161	14.1566372377806	0.517992	0.096188
141.312325478121	14.1986773562521	0.250554	0.024577
141.314036741646	14.1974183286846	0.200265	0.023493
141.314025514674	14.199301371263	0.300146	0.04019
141.311528536502	14.1931708769107	0.495179	0.037291
141.344307573949	14.2272605532637	0.375919	0.107058
141.25311291556	14.2305498045866	0.129918	0.017164
141.250842541177	14.2297560103362	0.099512	0.023074
141.296156852754	14.2129438223821	0.115625	0.014272
141.322098763162	14.2635674875514	0.385793	0.131758
141.320878567301	14.2864280467352	0.129453	0.013067
141.273364073163	14.2584983427492	0.219233	0.030749
141.317814054429	14.2116834934818	0.175627	0.057453
141.279957888042	14.1393141452173	0.409024	0.035781
141.262943981807	14.252720690752	0.252072	0.11819
141.286733145212	14.1626175059287	0.371214	0.060612
141.283523513956	14.2310378273144	0.115922	0.031906
141.331053965107	14.2275980274969	0.297896	0.061014
141.239674270699	14.2607661988796	0.375065	0.059291
141.247976908685	14.2313202775009	0.369278	0.088529
141.235109522332	14.2823647298055	0.142613	0.040488
141.234067353103	14.2888598283695	0.377999	0.056722
141.270537972172	14.1490620348313	0.341875	0.097547
141.243296118861	14.2597826035227	0.382426	0.076799
141.258980565168	14.2035603056102	0.383934	0.068767
141.250431580188	14.2411689942665	0.339807	0.038598
141.262887374263	14.2020308756004	0.226668	0.088132
141.244022786963	14.2822300095405	0.338009	0.094379
141.268012267431	14.1906496560126	0.418246	0.043132
141.28216841098	14.1428239296019	0.399949	0.029441
141.261586854063	14.2268189404577	0.205422	0.054204
141.280210458603	14.1544210548147	0.412951	0.075453
141.252029505032	14.2655346420151	0.570818	0.063073
141.266083619625	14.2176823140216	0.311857	0.114846
141.249059336432	14.289761077693	0.315902	0.139274
141.276116370352	14.1825760933595	0.428019	0.083762
141.28063214254	14.1857178069744	0.27657	0.064096
141.279716820352	14.2179754824709	0.263068	0.086662
141.289732733492	14.1806314613205	0.477442	0.137636
141.293539170695	14.1678315298276	0.424921	0.027965
141.275702018959	14.2510611765051	0.464944	0.015343
141.285921883217	14.2080190029843	0.186728	0.052621
141.281809168188	14.2239780057881	0.357596	0.127178
141.291968621543	14.1869025735575	0.163249	0.046054
141.300438620215	14.1935335124809	0.541814	0.077788
141.291624383379	14.2176715450376	0.272386	0.049105
141.294335263953	14.2102707179482	0.327325	0.092234
141.288594293634	14.2405008077475	0.435597	0.067214
141.305885476102	14.1925311999958	0.451939	0.017746
141.305370612761	14.1917110887679	0.322432	0.104517
141.294808261945	14.2367008129287	0.246424	0.130534
141.300763034776	14.2132352677531	0.325152	0.090588
141.299775082484	14.2424799139181	0.339995	0.118955
141.311716077155	14.2143878145324	0.543126	0.092316
141.31557635105	14.2057653785362	0.363204	0.114892
141.310220073361	14.235379074231	0.313588	0.029358
141.311947275776	14.265037907149	0.187895	0.028865
141.318380408874	14.245939722244	0.485211	0.02992
141.319364722659	14.2474632100245	0.528592	0.122923
141.318170538084	14.2632540990307	0.309845	0.138242
141.330045258994	14.2427357205689	0.483274	0.128506
141.339104636054	14.2366450347051	0.287996	0.126958
141.261293066446	14.1948705179556	0.38392	0.063266
141.267206899518	14.1755080831932	0.500123	0.078459
141.274536722742	14.1793387953405	0.549959	0.047677
141.283183943781	14.2051797268444	0.39272	0.080526
141.287340784515	14.1988478883415	0.56564	0.063636
141.315270562069	14.2480375008129	0.462559	0.041082
140.886828380525	14.252671201692	0.027114	0.027656
140.89718409121	14.2318224921161	0.09395	0.02771
140.879057945071	14.2928558711354	0.125284	0.015428
140.914885391695	14.2215556768632	0.048138	0.018945
140.893958976331	14.2561616595953	0.322442	0.038109
140.890048368188	14.2843354377078	0.176203	0.026362
140.889417997135	14.2857899268179	0.270177	0.089388
140.901027501879	14.2508143450533	0.094535	0.031097
140.860938549984	14.2722367372978	0.395278	0.127788
140.861813553681	14.2970561593401	0.471718	0.085071
140.866238366164	14.2828915013994	0.401293	0.075949
140.877827951055	14.242747541317	0.536695	0.078441
140.892968965894	14.2428374748068	0.174402	0.049293
140.906926320495	14.2425542067782	0.256092	0.206267
140.904906006741	14.2689302339959	0.366175	0.118709
140.89988269983	14.2759407815695	0.463993	0.080253
140.969584576429	14.2904323621188	0.14013	0.007156
140.926559912414	14.2311476878252	0.159989	0.028597
140.950511378409	14.288719679241	0.194656	0.116356
141.018593369275	14.285185194208	0.086578	0.029665
141.041457269309	14.2919734146366	0.13645	0.020868
141.039139831496	14.2930481274864	0.21282	0.087237
140.936017168064	14.28175063801	0.159519	0.023523
140.936641303402	14.2797781531629	0.362207	0.093782
140.942819977103	14.2871095334444	0.18831	0.03397
141.002068358539	14.2612278622131	0.225874	0.053084
141.021022008413	14.2927505167352	0.32617	0.031498
140.931028730735	14.2413013325442	0.374621	0.043165
140.961227292688	14.2984981620022	0.298108	0.115387
140.913898991644	14.2634064290657	0.457388	0.132515
140.908162749331	14.2929534845873	0.38484	0.130372
140.925922191515	14.2473895633714	0.363905	0.098417
140.927748890798	14.2430955542914	0.433321	0.07867
140.926750242013	14.2696326445434	0.406827	0.079955
140.945971324162	14.2709197216351	0.272108	0.074082
140.947332686449	14.2655177684246	0.374566	0.066389
140.95300285274	14.2752819253617	0.2311	0.08508
140.955493562757	14.284920442905	0.200942	0.08905
141.008970704141	14.2560666892316	0.29401	0.088066
141.001210553769	14.297133018953	0.237245	0.040641
141.008377728703	14.2751354131102	0.580837	0.131574
141.023770062521	14.2688697563396	0.347511	0.126019
141.021510720882	14.2794220028848	0.25527	0.074665
141.05996449825	14.2827968427775	0.426417	0.091883
141.062198549899	14.2771690877254	0.166519	0.075597
141.069444750584	14.2686058970316	0.213633	0.048167
141.074094447962	14.2858399505747	0.050795	0.019516
141.110544232702	14.2749972839025	0.134098	0.019478
141.189056535371	14.2918016004718	0.204636	0.098732
141.083470327997	14.2706177983574	0.370426	0.062234
141.116105429688	14.2802187255188	0.434969	0.024034
141.119005206021	14.2702862745906	0.597743	0.08745
141.125838229251	14.271756287387	0.25009	0.110562
141.12767019613	14.2820202819627	0.212564	0.068954
141.136766133281	14.2775767658903	0.253088	0.127954
141.135954993463	14.2806953832019	0.340786	0.114394
141.139249696507	14.2816138842061	0.358395	0.040499
141.139106511692	14.2873847642985	0.449586	0.104974
141.155207820647	14.289442048328	0.378599	0.087515
141.208104194092	14.2935953058217	0.259176	0.101814
141.098699521351	13.9990379846263	0.353459	0.016302
141.095447282322	13.9981411720673	0.399383	0.041662
141.059767670884	14.0222044023703	0.429575	0.087783
141.110319214887	14.0121273921095	0.084193	0.03607
141.039247005236	13.9954758188354	0.556385	0.037873
141.06193399957	14.0272801392245	0.413135	0.066783
141.071399169044	14.020171930876	0.456186	0.107841
141.092531299251	14.0050717629651	0.348223	0.085297
141.09393698011	14.0103760011089	0.568369	0.04828
141.093755386487	14.0227804613265	0.555337	0.036319
141.094781482027	14.0348527691527	0.453767	0.071402
141.100846659449	14.0125766572434	0.434046	0.175437
141.100705362601	14.0374544957786	0.377107	0.046021
141.110552233115	14.014510278533	0.219145	0.0922
141.089874375054	14.0337210488384	0.445461	0.083839
141.142896733443	14.0168827307908	0.208065	0.086778
141.115234396062	14.0356420808519	0.138063	0.011196
141.130329261866	14.0010571472223	0.14335	0.010309
141.13368506947	14.0035710185282	0.387555	0.052143
141.164860056566	14.0927923531965	0.152762	0.035517
141.198808568259	14.1061017071525	0.196631	0.053682
141.119286713985	14.0163010144303	0.381984	0.050782
141.12449412614	14.0101321899594	0.387586	0.046388
141.133437779281	13.9931662645348	0.332845	0.110742
141.148839414371	13.9927146521463	0.482481	0.135331
141.151011575816	14.0961158890276	0.370134	0.077848
141.174029833338	14.1001577501038	0.176643	0.028564
141.178444986971	14.0941354765138	0.395439	0.105382
141.180491352792	14.1003260512301	0.385194	0.098369
141.205450345495	14.1029983683868	0.430373	0.031532
141.21916648263	14.094047786191	0.306812	0.06612
141.21837323573	14.1023728080588	0.216106	0.100632
141.223131401922	14.0964681309836	0.179369	0.042589
141.221207829622	14.1109675428329	0.220817	0.075093
141.228133251913	14.0982055259749	0.164598	0.043271
141.232547920014	14.0976187198775	0.430034	0.073771
141.23957415513	14.0916730738384	0.359535	0.058376
141.240533798101	14.108894380015	0.382596	0.107972
141.249550295623	14.1093455731404	0.403019	0.061694
141.253243550325	14.1061122644877	0.409874	0.088742
141.264288753536	14.114704791254	0.339938	0.088301
140.936839029945	14.1997643239379	0.378313	0.116137
140.94339664226	14.1992510065994	0.106936	0.042828
140.943220568048	14.2160648783935	0.206441	0.089512
140.947747830543	14.2193912233002	0.360249	0.037478
140.952541964404	14.2091537193969	0.433033	0.097648
140.96315915165	14.2134500169929	0.420448	0.123492
141.000460729094	14.0795106945981	0.375373	0.082046
140.972493621268	14.2128805497906	0.25458	0.086902
141.009097924764	14.078184466456	0.362763	0.12954
141.009443292111	14.0838699284422	0.247493	0.060653
140.978610717868	14.2045943068272	0.29612	0.064978
141.017571585117	14.0745709211904	0.390902	0.107079
140.983463199058	14.2180450542325	0.568751	0.040653
140.98951962512	14.2181398803999	0.430847	0.071415
140.989916045802	14.2281692402356	0.213985	0.068253
140.995505377159	14.2219291024649	0.379735	0.134907
140.992121246324	14.2248509776088	0.205424	0.081157
141.028786112138	14.0838622557394	0.285217	0.078434
141.006873399728	14.2182434136825	0.238158	0.111017
141.040949883806	14.095207535007	0.373307	0.098634
141.049326024717	14.0775062588423	0.314056	0.075621
141.022400248477	14.2123822322273	0.135961	0.172488
141.026478831834	14.2124329596033	0.299566	0.10848
141.028764397201	14.2172962057092	0.277598	0.090223
141.041016678913	14.2209374952766	0.430398	0.135153
141.050882410051	14.1888035574468	0.16559	0.039786
141.054594318341	14.1883957691829	0.238042	0.072698
141.044731469286	14.2282258682249	0.40391	0.02773
141.055677425889	14.1940033119592	0.152092	0.030485
141.057975728226	14.1844937974027	0.344263	0.10642
141.084603339756	14.0874174145402	0.140068	0.156821
141.074444132987	14.150940043485	0.43644	0.176498
141.080210416234	14.1425236582715	0.455124	0.17706
141.060411779955	14.2294266925109	0.470687	0.141011
141.081696554631	14.1578257468987	0.160968	0.038731
141.075931126328	14.1796973729039	0.388051	0.124117
141.0655056567	14.2326404622445	0.450687	0.073248
141.083832514161	14.1551325773979	0.345892	0.089828
141.085059687936	14.1569392934555	0.198152	0.063528
141.077778211086	14.1913507781519	0.428127	0.104801
141.104848121031	14.0896190654697	0.331627	0.070018
141.089478355511	14.1512739712787	0.452874	0.031077
141.094245041963	14.1332388472542	0.564495	0.130198
141.088378479946	14.1731819113045	0.132019	0.041824
141.075219900188	14.2464037145429	0.266829	0.060495
141.088909370555	14.1946744982271	0.228279	0.050319
141.106920847895	14.1286647823766	0.174616	0.043566
141.110322120546	14.114477049011	0.582834	0.054073
141.100995864316	14.1597004448543	0.326822	0.052375
141.096427714415	14.1774101157721	0.201845	0.100203
141.104207756511	14.1554587615092	0.369048	0.069212
141.114038039291	14.1248840153916	0.291409	0.102735
140.963280428798	14.2154620344951	0.449173	0.097705
140.987064922926	14.2216413889681	0.398006	0.074401
141.011692287092	14.2344104779378	0.502267	0.032361
141.053272857072	14.2461760203243	0.429543	0.097315
141.108310070532	14.1839842659532	0.36193	0.032905
141.101411857689	14.1851192433784	0.353194	0.119794
141.089986476861	14.2353372256497	0.355624	0.168229
141.088231700701	14.2344023816209	0.353721	0.074399
141.10265316193	14.173369048773	0.122877	0.016068
141.102852951014	14.1707057671346	0.375978	0.054724
141.108917173359	14.1783273572856	0.12847	0.020236
141.109363586358	14.1761873286974	0.139991	0.052961
141.13004636019	14.1625564849833	0.061758	0.024154
141.128068554146	14.1635715629369	0.045929	0.024879
141.12039575328	14.2359372245156	0.140683	0.00694
141.107084483006	14.2377999820121	0.373597	0.095357
141.141147452642	14.1851111881676	0.432191	0.109758
141.158819885516	14.1750751093231	0.129219	0.007547
141.117420836372	14.1316885933368	0.15135	0.039819
141.113018000614	14.1649392691697	0.125154	0.016859
141.154590860572	14.177256138972	0.192269	0.035908
141.133151093338	14.1542993759798	0.133213	0.049444
141.112249418595	14.1522921009602	0.184395	0.120081
141.121604909711	14.1474713988369	0.144854	0.035473
141.124504750837	14.1787163042295	0.1993	0.052548
141.150154415606	14.217946494932	0.245048	0.090913
141.089765443452	14.2302900240943	0.349708	0.103825
141.116157226501	14.1289798784609	0.336148	0.103459
141.10807691018	14.171049498111	0.284643	0.054734
141.116236533725	14.1429327729841	0.235736	0.107419
141.100556766044	14.2136967058704	0.19646	0.068772
141.124559788574	14.1190876834193	0.374262	0.092236
141.111677534646	14.1728233628271	0.287801	0.0853
141.122967004719	14.129551727744	0.423856	0.158615
141.12439437561	14.1518106843464	0.228054	0.104138
141.117630089377	14.1806665849151	0.147222	0.041918
141.127421722374	14.1505779438022	0.514403	0.080628
141.123652209059	14.1693277147094	0.408971	0.047018
141.114613031551	14.2059586836341	0.367383	0.039936
141.132309142605	14.1473105806033	0.16916	0.039275
141.126507943893	14.1756649594187	0.280721	0.0655
141.129754777078	14.1736084382289	0.407892	0.086408
141.127894336868	14.1931207110687	0.153133	0.071602
141.126788694776	14.2193826744739	0.434661	0.071501
141.142631727924	14.1794353951851	0.391043	0.087392
141.132796307132	14.2234360394552	0.28377	0.111476
141.143209200474	14.1836425391671	0.222013	0.091223
141.149827344576	14.2059497941587	0.4291	0.101065
141.159109443797	14.1880064877555	0.254956	0.091731
141.164068698944	14.1848036488123	0.270436	0.086178
141.230522341815	14.2945090916416	0.271702	0.05958
141.127712671861	14.2288464233117	0.398155	0.066403
141.329763411203	14.1413333810705	0.435773	0.04318
141.323449351679	14.1893635289957	0.221466	0.052238
141.34517302194	14.2032452459562	0.413584	0.094049
141.321040915902	14.1914681698774	0.434115	0.031384
141.342821327954	14.2182271254807	0.332721	0.101392
141.347374715375	14.2081109054444	0.37335	0.080368
141.319909316826	14.1522812382477	0.288409	0.031221
141.294102987292	14.3045891438464	0.24054	0.058872
141.235413460385	14.293865913353	0.322555	0.099326
141.279533312328	14.1331797841663	0.385474	0.068696
141.284692383264	14.1332494094756	0.451103	0.126815
141.302482731776	14.1650139994984	0.360621	0.109586
141.312651863884	14.1527083560093	0.388065	0.031518
141.317570342927	14.153626763815	0.238991	0.100869
141.316607835718	14.1809896657361	0.188953	0.070693
141.322258550407	14.1763988376797	0.364085	0.096055
141.301577296402	14.3030087227708	0.383336	0.118367
141.349914144229	14.2120931859508	0.45218	0.026763
141.27737132232	14.304824949763	0.434064	0.05173
141.325739608115	14.2989129244924	0.510733	0.032002
140.850609476713	14.4257090410601	0.143687	0.0105
140.857386620959	14.4285633462033	0.146328	0.011342
140.857991908061	14.4297227215361	0.145084	0.014395
140.853238375437	14.4323532725111	0.224766	0.060163
140.79474268808	14.423194462919	0.406448	0.063812
140.825267261388	14.4297918103169	0.397766	0.097038
140.855642003934	14.4519376045848	0.338217	0.114175
140.854419396393	14.4645533508304	0.162485	0.030576
140.859902425958	14.4483470253614	0.410828	0.067591
140.862044930628	14.4467107994429	0.33689	0.108323
140.776706402904	14.4058659524176	0.414588	0.141252
140.808416607309	14.4230804295178	0.113745	0.044265
140.814707072998	14.4203278091578	0.488721	0.117999
140.816497301955	14.4197498139597	0.342807	0.144569
140.815877105126	14.4301027514054	0.577408	0.142672
140.839700005956	14.4309048365493	0.426706	0.105105
140.850116961903	14.4511539100668	0.408435	0.089579
140.857182046662	14.4390065721013	0.427745	0.086984
140.85720063137	14.4413905683064	0.391119	0.075466
140.864439910149	14.4245099044536	0.279982	0.077129
140.87049968047	14.4482289096411	0.355302	0.099273
140.837603931222	14.4222215159716	0.401561	0.084168
140.874548041668	14.4486204326058	0.145865	0.033828
140.947714827687	14.4547616451082	0.121905	0.028136
140.893584108113	14.4566938515533	0.430091	0.086182
140.976060114755	14.462689843112	0.360691	0.077348
140.885663787754	14.4545497188942	0.432369	0.030294
140.888436134629	14.4568128662246	0.522681	0.152127
140.898818810334	14.4317471939746	0.375326	0.104172
140.921222668015	14.4536953812278	0.389691	0.092114
140.926764088594	14.4791807350421	0.388554	0.12341
140.930519865097	14.4877494766069	0.500066	0.141599
140.933869235757	14.4902945575418	0.191468	0.048855
140.951902759365	14.4617877506153	0.289278	0.044371
140.97158561035	14.4810020911769	0.436558	0.040546
140.981169772185	14.460035923289	0.501182	0.044765
140.979064080165	14.4770663511009	0.403205	0.035313
141.002389666215	14.4909922438829	0.304282	0.063404
140.679660389408	14.2572987441675	0.356073	0.053469
140.712679414809	14.2414461335422	0.125347	0.026516
140.717607383651	14.2720500744674	0.17399	0.021057
140.694860817491	14.1973108911551	0.10242	0.025568
140.747687946372	14.2233968314511	0.153106	0.030196
140.668908524584	14.1893864516349	0.452007	0.058739
140.675584956742	14.1958645864411	0.39562	0.095669
140.718839094261	14.1841595696468	0.30207	0.122834
140.724485746628	14.178670232033	0.331051	0.086845
140.707639062495	14.2633457028155	0.389717	0.110623
140.729404431769	14.1842896675006	0.346075	0.080678
140.706127397829	14.2797760723234	0.382582	0.091223
140.724219487733	14.2196759871686	0.32303	0.046662
140.701300808486	14.3148226128089	0.56631	0.132361
140.731529402385	14.2020592715736	0.370484	0.103519
140.732737026714	14.2476153132224	0.376081	0.216029
140.744678948902	14.2026980105089	0.203674	0.077855
140.725226974075	14.2798652317118	0.326554	0.112026
140.71773242218	14.3150067651389	0.410931	0.117128
140.733302166482	14.2573775317063	0.44827	0.100939
140.731728437821	14.2942994094038	0.24807	0.060744
140.747173401563	14.2510620297417	0.321049	0.102006
140.761666015216	14.2115348625738	0.495421	0.175052
140.754260841103	14.2377420844789	0.420939	0.062336
140.732582449619	14.3279931592914	0.406974	0.104823
140.728537122854	14.348155072248	0.377303	0.056905
140.744675400042	14.2948714166198	0.516174	0.03973
140.711254792893	14.2693002502062	0.385141	0.062883
140.7766742613	14.325361307587	0.400055	0.098017
140.809032794332	14.3322031755328	0.394691	0.079929
140.765119964418	14.2330345345302	0.13821	0.034002
140.765158579462	14.2341595015015	0.109986	0.031128
140.762844586223	14.2564449155324	0.144185	0.017258
140.760131891949	14.2672444990097	0.364104	0.082232
140.763954298769	14.3067883984782	0.095525	0.023644
140.745782602757	14.3754265985391	0.429372	0.031311
140.780244687118	14.2715748281553	0.119215	0.027997
140.776865446519	14.3180123302354	0.160716	0.029461
140.78286192181	14.3109831853551	0.254018	0.023846
140.784825311881	14.3120531831225	0.159145	0.022856
140.802519461913	14.2647138430766	0.139508	0.019579
140.78557755394	14.3314535145948	0.163895	0.01983
140.783016341734	14.3305791784582	0.100563	0.028364
140.803908251552	14.327580344459	0.240259	0.121557
140.802978860874	14.3426435331223	0.162765	0.068278
140.831575015425	14.3276191956155	0.090082	0.019893
140.866912179473	14.3213732148752	0.10673	0.027648
140.872296740483	14.3204104678503	0.42097	0.112061
140.854582151831	14.4002791859881	0.149516	0.02898
140.850001274672	14.397963992138	0.149428	0.054124
140.877594361008	14.3480427831667	0.159606	0.038218
140.892705577799	14.3267338814128	0.193584	0.081478
140.735256383739	14.3582346967474	0.15964	0.04881
140.771872574992	14.3019846881006	0.155544	0.025875
140.789878734449	14.259840946811	0.201119	0.047488
140.768953419907	14.3556174123495	0.147456	0.027771
140.820540835591	14.2830369643765	0.314046	0.016832
140.805463350302	14.3898714647936	0.229207	0.034478
140.865719282402	14.3680583355778	0.139347	0.024783
140.877893495829	14.340332460042	0.19772	0.057091
140.8775399036	14.400732153751	0.155904	0.034427
140.745640918406	14.3525219875676	0.254312	0.056798
140.773485672154	14.2784651362746	0.363888	0.076555
140.757278358864	14.3933515339672	0.132629	0.048865
140.792421772798	14.2558232101297	0.190332	0.060543
140.808445969393	14.2842217393141	0.166016	0.039895
140.805547568281	14.3119203037588	0.174029	0.043339
140.850959098707	14.3319261521601	0.270819	0.040335
140.86445135375	14.3732788109558	0.150924	0.038456
140.867610066797	14.3617197017888	0.367791	0.040316
140.735418984489	14.337386915367	0.175751	0.080328
140.768614300102	14.2122395660566	0.219778	0.032349
140.761413236257	14.2440245252211	0.203719	0.060298
140.767090290069	14.2214840128906	0.36195	0.099062
140.748039061779	14.2978708857382	0.38109	0.086723
140.744509976132	14.320510797383	0.455733	0.090021
140.756239098693	14.2785874284877	0.382719	0.040181
140.760229494891	14.2837078971573	0.405947	0.062165
140.783388730656	14.1943527095476	0.489833	0.160186
140.783067120183	14.1969496174252	0.388247	0.131296
140.775276216414	14.226992767745	0.504893	0.064202
140.779824937757	14.2260008851075	0.454343	0.091512
140.762378738403	14.3143446489962	0.394636	0.043178
140.759066660516	14.3268756453769	0.562065	0.031091
140.799987055741	14.1981079557736	0.448882	0.073173
140.772811385769	14.3127572359559	0.175338	0.043896
140.772027310726	14.3175832428599	0.168603	0.032118
140.775629111963	14.3050753932064	0.433936	0.050489
140.802474675653	14.2006942195838	0.473938	0.128824
140.779033005252	14.2960826840068	0.300324	0.07254
140.787132333951	14.2669352746374	0.181951	0.043703
140.78667297847	14.2779954183702	0.376468	0.023945
140.786532054554	14.2837809046105	0.435998	0.080333
140.782966837363	14.3203661316897	0.424989	0.037406
140.815979738209	14.1977321664529	0.521703	0.084838
140.781329914044	14.3431247671977	0.209088	0.085682
140.796771361039	14.2987747858418	0.44105	0.073224
140.792491153991	14.3188850697109	0.150613	0.036774
140.788283162103	14.3362853008243	0.504093	0.120647
140.806417260691	14.2739482522423	0.292051	0.032881
140.786771734111	14.3735037336369	0.418369	0.057767
140.802048259589	14.3196411504429	0.463326	0.097535
140.807800824096	14.2986815868934	0.424272	0.09092
140.81095812381	14.2890493694034	0.369016	0.077424
140.797663698391	14.3474421842806	0.391954	0.086862
140.817267887371	14.2748285592643	0.376527	0.070881
140.812444483086	14.2966313986249	0.26702	0.090715
140.787723302082	14.3985762131229	0.515579	0.162526
140.794377913675	14.3842992897088	0.347944	0.035639
140.804065843042	14.3634430723334	0.362894	0.038655
140.809815015247	14.3503918038898	0.320631	0.110881
140.819428502131	14.3194313918092	0.357796	0.070118
140.825997936421	14.3050285781492	0.16859	0.040726
140.821951153441	14.3480049251752	0.381605	0.06583
140.813236089092	14.394895355618	0.59311	0.141858
140.813634843138	14.3975503783566	0.540069	0.12561
140.815309127578	14.3958953005899	0.381603	0.086569
140.82357386292	14.3715497390245	0.385151	0.069904
140.831976259114	14.3401837042383	0.579453	0.052798
140.838136920958	14.316550318318	0.34808	0.113151
140.840006977478	14.3160006789956	0.456589	0.099325
140.835626158619	14.3285932947407	0.156751	0.050944
140.828265334951	14.3554079323123	0.526041	0.072427
140.820834379652	14.3878107642269	0.451539	0.06289
140.81950583685	14.3958302276363	0.419912	0.079982
140.828599809497	14.3748594019762	0.361386	0.107242
140.830808050761	14.3753296562119	0.464063	0.087472
140.8499172225	14.316484378689	0.417142	0.067935
140.85193207384	14.3135012705051	0.431155	0.1203
140.832341080072	14.3993884306868	0.562255	0.035571
140.840623908243	14.3743504478328	0.371089	0.123363
140.868457087615	14.3030229920097	0.180304	0.028204
140.869451625617	14.309573880882	0.28128	0.065738
140.865835398574	14.335184972084	0.34635	0.039909
140.862430170428	14.3537807064681	0.305255	0.046452
140.847295156808	14.4173327552189	0.347146	0.06706
140.846363604856	14.4161091667413	0.36543	0.075868
140.849821028608	14.4035414944926	0.439482	0.068684
140.863523661612	14.3704742940566	0.55254	0.034286
140.868968237942	14.3713595343041	0.49791	0.188045
140.888077031363	14.3128297189604	0.527245	0.05641
140.882172588139	14.3358052685145	0.463356	0.054137
140.876383392481	14.3712647650556	0.53563	0.036941
140.883239533462	14.3465696517179	0.525907	0.034243
140.894983387461	14.3068989152789	0.440798	0.119654
140.868402693948	14.4119263700382	0.308483	0.105749
140.870012933692	14.4171103920297	0.343001	0.107042
140.881263737959	14.3857917929622	0.597712	0.142724
140.783382319128	14.3383835952035	0.585014	0.049018
140.845621822652	14.3048847875917	0.426901	0.085524
140.871885910387	14.3599201138963	0.426585	0.050218
140.890865919183	14.3662692518261	0.173905	0.039973
140.933958731016	14.3460084693087	0.280928	0.066122
140.96980805433	14.2829331721915	0.142454	0.007266
140.965584399907	14.2805828144099	0.291886	0.126034
140.97855741216	14.3829317515697	0.034222	0.011713
140.992271974914	14.3352225358257	0.418067	0.08243
140.920655688735	14.387876610425	0.412229	0.038611
140.971212142212	14.2505758785275	0.147844	0.013669
140.971030501325	14.2530189217519	0.126821	0.07843
140.974845655419	14.2684303134027	0.136398	0.012954
140.979089500172	14.268320300882	0.168895	0.030397
140.972397939569	14.2997912693225	0.188256	0.076164
140.971989535081	14.3077014518647	0.076175	0.020479
140.964632991856	14.3719626047929	0.12917	0.030314
140.990646361368	14.2738472714345	0.150459	0.013388
140.955667556516	14.4329613158012	0.151249	0.028384
140.984309907257	14.3740375265929	0.220781	0.046381
141.001293894289	14.3316265359351	0.167802	0.034239
141.033975943682	14.2541249099984	0.128921	0.041231
141.039363900264	14.2816024413937	0.145725	0.039346
140.962536429934	14.2482945448302	0.140612	0.014895
141.02908073559	14.3486865008525	0.172769	0.037636
140.883793784619	14.410132259377	0.134356	0.04019
140.943730639856	14.2356475831169	0.451975	0.121569
140.912605809043	14.4033691032672	0.121298	0.031488
140.939222665487	14.3057710508286	0.378127	0.126373
140.934861484559	14.4259114612008	0.20924	0.102394
140.955415048468	14.3851598180822	0.229835	0.114948
140.973509395954	14.3221110175099	0.132617	0.042488
141.000674211392	14.2446341994068	0.589906	0.158003
140.988451404544	14.3832693929326	0.135692	0.029187
141.024101991811	14.2641764273901	0.088895	0.041045
141.044039878766	14.2695689098362	0.349625	0.040638
140.897897182875	14.3325835947929	0.418872	0.095422
140.899960693559	14.3297347399129	0.384158	0.03101
140.898065406059	14.3480298822006	0.288591	0.084268
140.9036670469	14.3293891619802	0.387497	0.047919
140.885506473517	14.4059921229186	0.388265	0.135862
140.909878784788	14.3101905709668	0.549743	0.128322
140.900591895177	14.3490948955404	0.575225	0.132034
140.897029437793	14.3923040440858	0.496203	0.089918
140.94198651851	14.2274352805929	0.511538	0.045565
140.902567535141	14.3927973283909	0.372655	0.101569
140.903053535561	14.407030119384	0.591352	0.081559
140.909032082626	14.3848540905199	0.434946	0.05585
140.917347274386	14.3557883640407	0.165168	0.038881
140.915068468027	14.3812390094711	0.597513	0.036733
140.92473170489	14.3576327886113	0.277192	0.168649
140.912794362051	14.4174361491805	0.562277	0.165996
140.958541412596	14.24331816048	0.208613	0.059461
140.947323865117	14.3078730176213	0.449865	0.057807
140.936750020541	14.3499108413916	0.21673	0.075318
140.928720670235	14.3816598111141	0.433788	0.103388
140.921191318326	14.4251701336217	0.228263	0.133713
140.929256088163	14.4105616740175	0.458061	0.054528
140.966884773653	14.2680513317835	0.446203	0.091425
140.966784528736	14.2706914140396	0.176603	0.043003
140.934093762932	14.405840347689	0.395182	0.088563
140.96054390801	14.3034334591153	0.297328	0.088465
140.955534679559	14.3269495186476	0.325499	0.094644
140.929201962348	14.4319260964454	0.325153	0.098111
140.948269320907	14.3768845220111	0.15627	0.037792
140.938241678252	14.4193844334637	0.402918	0.085599
140.98298217707	14.2453041715719	0.520119	0.05287
140.951938861835	14.3808516127039	0.357364	0.09459
140.945956802135	14.4209410110931	0.373201	0.112317
140.977640047834	14.3020916256611	0.290428	0.139821
140.957492625216	14.3938615902623	0.271759	0.113986
140.988233210772	14.3035061469799	0.301652	0.079432
140.98877783255	14.3159478253552	0.399113	0.100732
141.006131434946	14.2493298323805	0.390378	0.07745
140.991080959336	14.3097977477391	0.284551	0.114288
140.993575686846	14.3123012250199	0.153242	0.022552
140.979746027796	14.399916920906	0.48692	0.077714
140.975365459228	14.4293836638041	0.214767	0.158275
141.010150832408	14.3063673974961	0.387694	0.09831
140.984869184472	14.405478081903	0.385564	0.089466
141.001604574585	14.3385903823515	0.369772	0.075809
140.984449210592	14.4111391807442	0.35192	0.054467
140.982565455062	14.4249578894282	0.300322	0.069517
141.002040978773	14.3493315891615	0.361816	0.091816
140.988075175972	14.4034468739409	0.422425	0.094543
141.029595341503	14.2547891167808	0.140448	0.094379
141.029074182863	14.2586921026527	0.351258	0.12434
141.027538681533	14.2683524550621	0.164283	0.059444
140.997190355686	14.3953682149403	0.44785	0.058105
141.031195412005	14.2641844917644	0.246239	0.067144
141.031256262547	14.2650328161886	0.387326	0.043432
141.028946159238	14.2637413680741	0.192022	0.069722
140.995023923728	14.4058138613099	0.368913	0.09353
140.995861625154	14.4201113513024	0.367038	0.089028
141.039444553611	14.2569786998074	0.259636	0.072995
141.004109397815	14.405358267485	0.358038	0.031363
141.027325305681	14.317171382482	0.382898	0.071469
141.018747777231	14.3578038823626	0.256761	0.09051
141.03020335099	14.3139049091212	0.337456	0.127962
141.017260184474	14.3676995169557	0.361144	0.080148
141.009764069773	14.4035056022096	0.329768	0.094064
141.001487891129	14.4373349601569	0.316449	0.117979
141.032417114427	14.318088165471	0.404606	0.118329
141.009380145888	14.4153418763398	0.41916	0.07496
141.042996918246	14.2877304739674	0.378337	0.075078
141.006552109315	14.4332876260461	0.290587	0.078917
141.011705996448	14.422592700272	0.597293	0.049333
141.045102740075	14.2945531399492	0.123713	0.065362
141.035063332134	14.334673973298	0.432954	0.042308
141.047049553661	14.2913339287872	0.340914	0.045794
141.023225021971	14.3836311129919	0.38101	0.101642
141.020261476739	14.3900872730713	0.315707	0.043496
141.021803267346	14.3896003891188	0.220827	0.060714
141.046451243501	14.3012602670004	0.427637	0.112777
141.015029123927	14.4283418053474	0.252245	0.046813
141.029307211183	14.386885473223	0.441496	0.117772
141.048979587986	14.3186849315043	0.291351	0.195204
141.038189980624	14.3645835309139	0.303406	0.10642
141.021586322329	14.4308504645651	0.403273	0.054795
141.037648362576	14.3983728156962	0.427471	0.028929
141.032079901964	14.3942301292099	0.386717	0.051394
141.042353479641	14.3627922044463	0.454629	0.052409
141.057665094122	14.3657144742757	0.289693	0.043348
141.059622876175	14.3921543478011	0.137903	0.038494
141.061249574523	14.3933818013019	0.17549	0.035641
141.073073192506	14.377666187529	0.142641	0.012662
141.108967959745	14.3567683126787	0.121748	0.036402
141.140459054576	14.3013790469972	0.138517	0.029047
141.122487073261	14.3925665066576	0.111502	0.019512
141.16396173106	14.3284039824831	0.100754	0.018454
141.165056903325	14.3300225142959	0.448219	0.072845
141.168154361235	14.3172061359605	0.125952	0.035536
141.218519501267	14.2966432779758	0.363998	0.038344
141.221582906395	14.2964478624606	0.46251	0.047725
141.185954833576	14.3071676912423	0.198683	0.026941
141.200340027886	14.2998683405108	0.329465	0.021541
141.098803857878	14.3668805123392	0.249565	0.1146
141.132981127855	14.3326427577118	0.128342	0.036146
141.144347457557	14.3359177726828	0.468658	0.082953
141.145311146275	14.3353426091505	0.436839	0.115145
141.175072754646	14.3138893243183	0.11504	0.047391
141.186462263528	14.3295846283553	0.222063	0.086262
141.207007286498	14.3066423035497	0.224721	0.070237
141.032836801043	14.421547945264	0.553999	0.060348
141.040455919858	14.3951872491237	0.443631	0.033024
141.042427403223	14.3970851795196	0.456404	0.028848
141.047210926715	14.3731026551075	0.414051	0.026365
141.064087135227	14.313597866776	0.366482	0.068846
141.045180216603	14.3895126935621	0.413117	0.098672
141.041347501505	14.4112311296713	0.448225	0.092908
141.06607623552	14.3178542761705	0.482012	0.088579
141.058370016042	14.3701549547271	0.449934	0.131979
141.07368281647	14.321645889944	0.383306	0.103119
141.05893781517	14.3813672350442	0.571012	0.08197
141.060813643614	14.3843106925758	0.186591	0.040382
141.075737493894	14.341437793393	0.237888	0.064762
141.078515981314	14.3614435007093	0.26569	0.087105
141.08838692711	14.3249564128909	0.17781	0.063371
141.08958625061	14.329845753454	0.474976	0.057806
141.08064660239	14.3932471969063	0.534084	0.191037
141.103989585942	14.3109029985548	0.33483	0.052673
141.094165233194	14.366037536604	0.161483	0.049249
141.09008815868	14.385743400763	0.560291	0.072683
141.104591765231	14.3376396693925	0.405078	0.074423
141.099099445099	14.359698602027	0.451635	0.125665
141.094667878158	14.3954476316163	0.40858	0.225399
141.121903444168	14.3397412539254	0.192534	0.077668
141.135004016923	14.2979724616648	0.454547	0.082778
141.119542034523	14.3652335107675	0.395683	0.156219
141.137114879987	14.3092795307216	0.365739	0.06568
141.126252647872	14.3792840061601	0.247317	0.051336
141.152566877382	14.3227453674471	0.486156	0.08676
141.152636335851	14.3433180605514	0.26392	0.115966
141.146830299258	14.3717650896288	0.379346	0.092739
141.164249585215	14.3068608727289	0.330175	0.100995
141.151698813464	14.3570231318673	0.559408	0.057184
141.161268043081	14.3315901206375	0.469635	0.06221
141.16687428404	14.3458688177989	0.592112	0.062022
141.167388832563	14.3730261237592	0.518504	0.132858
141.192116187366	14.3010706066724	0.289432	0.083406
141.201468130121	14.3040430875403	0.106135	0.062081
141.189889146109	14.3509801570919	0.561184	0.048054
141.172524410418	14.4465570608655	0.449346	0.091392
141.190056990711	14.3823421048065	0.58232	0.20937
141.209198535865	14.3001881316487	0.366504	0.060439
141.200361873954	14.3480291161886	0.534901	0.15069
141.213391454618	14.307540995584	0.544768	0.046577
141.211145839954	14.3180473521663	0.564388	0.054542
141.056166377403	14.3760090607345	0.54617	0.051777
141.137072873978	14.3769122874657	0.554186	0.101073
141.162487088085	14.4426594429174	0.584313	0.033348
141.181083013279	14.4384912433926	0.453879	0.060571
141.222330172272	14.3088819634363	0.365461	0.098218
141.200756518135	14.4103238498796	0.440572	0.029215
141.290415284784	14.3175447575879	0.547657	0.035001
141.224065953819	14.297057923176	0.375239	0.044532
141.226797663866	14.3728817034763	0.126101	0.026377
141.272391165857	14.3595504343993	0.105244	0.039268
141.270751949527	14.3620493895555	0.309576	0.095692
141.28936368574	14.3373550664217	0.452108	0.029318
141.267389556614	14.3833823712565	0.211546	0.038179
141.21775290752	14.3765492152567	0.230802	0.080145
141.218560458839	14.3818242429121	0.387809	0.060024
141.250780243662	14.3944684687081	0.305448	0.043419
141.288773922147	14.3625294415593	0.189655	0.076653
141.202761862486	14.4051270810584	0.47158	0.0246
141.225321772032	14.3149196778315	0.365401	0.048613
141.220728364579	14.3398309449625	0.453015	0.03772
141.213334237894	14.3771189970412	0.33483	0.079383
141.213749696959	14.381842334842	0.366382	0.071249
141.22894122807	14.3367259464704	0.373499	0.068039
141.212344612628	14.4057447367188	0.421866	0.089812
141.205970081856	14.4390620746923	0.34308	0.038255
141.242271458609	14.3090840494163	0.222463	0.06575
141.228473442228	14.3588439059406	0.210285	0.069698
141.218542900696	14.4208916597135	0.370628	0.094429
141.252720503058	14.3866989311518	0.418617	0.089172
141.269923433637	14.3286417344517	0.287785	0.052808
141.264008175303	14.3577643011392	0.415524	0.130213
141.279092136529	14.3274933536075	0.318504	0.064035
141.278660110992	14.3582056974051	0.332484	0.1362
141.286817627343	14.3328143076234	0.424886	0.075442
141.292402970372	14.3577777434797	0.363802	0.056382
141.298740384601	14.3424025375065	0.451281	0.044223
141.303286769515	14.3356847484374	0.426546	0.081913
141.208933196853	14.3816839393743	0.457541	0.033868
141.014096265894	13.8368430370087	0.164818	0.04844
141.029396164019	13.835643868699	0.102152	0.033148
140.961612657339	13.8440945868294	0.171425	0.051675
140.984323014937	13.8454434034754	0.182347	0.059978
140.986201755428	13.8359794113168	0.548069	0.130369
140.988087954194	13.8480246750499	0.279187	0.098899
141.000495997331	13.841554783502	0.398226	0.094496
141.023124263649	13.8356461610985	0.347563	0.082593
141.011084159942	13.8439565995428	0.503267	0.042711
141.025126864109	13.8430922832768	0.46085	0.083129
141.085022693017	13.8449867208236	0.383358	0.110938
141.174899198155	13.8755824280463	0.202202	0.056191
141.041446645734	13.8605583583323	0.297178	0.124594
141.054199578346	13.8379023982149	0.426368	0.094124
141.066788439698	13.8583148139126	0.267726	0.058383
141.093109269552	13.8646841132419	0.526448	0.130638
141.110672532932	13.8535635191282	0.224633	0.11388
141.122571823146	13.8647411570051	0.462855	0.090047
141.173060581062	13.8852523384806	0.405378	0.126353
140.760985968955	14.00082293689	0.387099	0.117376
140.798789325531	13.9615535732388	0.184372	0.02367
140.822021957259	13.8915745189769	0.062911	0.014574
140.798503338797	13.9710053142812	0.199345	0.02699
140.802745703072	13.9678533304339	0.485812	0.114541
140.773350844594	14.0017901320575	0.095009	0.031183
140.775538827905	14.0038952566408	0.2021	0.0892
140.788927108199	13.9760660879129	0.187802	0.030224
140.761582477899	14.0073745549898	0.097736	0.052824
140.784963360741	13.9703739864627	0.091271	0.041005
140.795617893129	13.9750432988373	0.327702	0.147837
140.815242000324	13.9132514933765	0.447807	0.092059
140.797485833433	14.0130307703266	0.344875	0.098733
140.840050983971	13.9945392500325	0.063021	0.019497
140.815388792582	13.9843979068331	0.367192	0.122042
140.828154482332	13.9829263519632	0.291362	0.102923
140.886381588991	13.8859385801339	0.246865	0.028412
140.885190293473	13.9807231459596	0.18121	0.036957
140.822892173698	13.9732780147974	0.296835	0.032683
140.823387716292	13.9864071562989	0.163346	0.123394
140.824466309175	13.9846568653692	0.223797	0.086181
140.836323502817	13.9536420425926	0.186401	0.044008
140.856279009872	13.9969276150102	0.213888	0.037939
140.919696418761	13.8953449946912	0.312817	0.046174
140.939583556049	13.886409431176	0.190432	0.028345
140.875414767203	13.8744428743448	0.266357	0.040699
140.85827271919	14.0344711258656	0.152842	0.031671
140.925755359737	14.045414188898	0.587321	0.031861
140.803519605581	13.9918848780607	0.528491	0.12886
140.815466624333	13.9417779498199	0.418689	0.073904
140.814052953394	13.950029471506	0.443383	0.144877
140.827689396921	13.8960358697299	0.458938	0.091475
140.820267964599	13.9440656959262	0.431382	0.072067
140.830863573923	13.9278905547755	0.151069	0.091919
140.826898056775	13.9484709413696	0.375568	0.080429
140.824689148377	13.9664362520229	0.237101	0.080667
140.815212254545	14.014025773336	0.280547	0.162298
140.829732522678	13.9511986883038	0.492348	0.191437
140.821899725955	14.0066485868261	0.424324	0.071517
140.823679434958	14.0265424350938	0.493962	0.10185
140.847661923933	13.9737304833121	0.54376	0.076129
140.849189030575	13.9820309853829	0.408551	0.061625
140.858894297149	13.9512311471437	0.395407	0.132002
140.844423394794	14.0231648747252	0.198885	0.085654
140.85030040017	14.0069557004358	0.388272	0.062283
140.850523672989	14.0077272442598	0.383456	0.027841
140.863189721866	13.9670912047538	0.468311	0.03471
140.858422003635	13.991645342955	0.403683	0.071763
140.855780477864	14.0049612528979	0.333881	0.068761
140.890352905957	13.8653288512856	0.564092	0.091926
140.861283272495	14.0003126850705	0.474412	0.133398
140.865233130618	13.9960888770532	0.171111	0.056472
140.862259653408	14.019556195185	0.377414	0.112446
140.863001334945	14.0278511695474	0.376234	0.102728
140.905972608909	13.8675803790785	0.303764	0.110445
140.881063788822	13.9868814601857	0.503806	0.133538
140.879648703103	14.0048367299175	0.247219	0.071812
140.879684062675	14.0091162386583	0.589972	0.219811
140.879671417517	14.0392037242172	0.43132	0.108535
140.887434241417	14.0129705544767	0.392554	0.113683
140.927750794461	13.8526730473641	0.161247	0.096889
140.923351795499	13.8728690588125	0.406754	0.090324
140.937242042175	13.8428742063855	0.400048	0.075291
140.93754329219	13.8517982062194	0.419673	0.076389
140.932619052905	13.8860753702419	0.224518	0.129549
140.934435997042	13.8948366085898	0.280541	0.039156
140.947939620895	13.8440661646882	0.467647	0.082569
140.945454144258	13.8559873416544	0.304367	0.087015
140.912460356983	14.0356901646495	0.242799	0.112681
140.910889298823	14.0439357248813	0.251322	0.098696
140.913604924576	14.0321275653345	0.349247	0.097045
140.953953079732	13.8618869393001	0.284579	0.096272
140.918888259864	14.0417057654769	0.368845	0.103223
140.961685980264	13.8589370550878	0.354101	0.111655
140.921133797815	14.0456388340829	0.418855	0.129585
140.961643807842	13.8647111328332	0.367791	0.121673
140.957920617983	13.8822607958308	0.404476	0.204581
140.965539009049	13.8754478281023	0.393008	0.074485
140.968454354482	13.8730376397831	0.410102	0.087673
140.966532036397	13.8846579214851	0.22229	0.084704
140.933608486886	14.0484441067964	0.461019	0.142451
140.969539647901	13.8896654763541	0.323453	0.114755
140.980778201943	13.8583702197133	0.535097	0.093008
140.981152864565	13.8715609629203	0.435398	0.062102
140.848317470685	13.9418914654143	0.425089	0.040687
140.86950800012	14.0004757450841	0.519064	0.102941
140.879475322391	14.0195549717657	0.516486	0.041529
141.05643929115	13.8875984340442	0.313527	0.155625
141.046384707901	14.0726433277045	0.154673	0.040989
141.046707774489	14.0740465740587	0.206876	0.08134
141.088670927593	14.0634991753698	0.159673	0.017659
141.088104758754	14.0642609099112	0.480736	0.041707
141.027980198075	13.8728591924869	0.354312	0.038386
141.056273357933	14.0721538114809	0.410326	0.065673
141.08577884373	13.9727033528434	0.337874	0.025124
141.089010917917	13.9820011879046	0.209152	0.024768
141.089120388809	14.0681876697093	0.175828	0.043214
141.001036046439	14.0549950944505	0.396956	0.052769
141.046999990145	14.0447616892809	0.137308	0.038591
141.098489421492	13.9005495254669	0.407894	0.075298
141.083810729163	13.9629573633863	0.16982	0.039152
141.073929358687	14.0443984145119	0.438212	0.114061
140.994248792044	13.8835030360538	0.501872	0.050774
141.011273877692	13.8612788152081	0.308108	0.063329
141.010435625228	13.8670230412562	0.488967	0.118018
141.015379389845	13.8642909686136	0.5949	0.118437
141.028902735895	13.8927474881319	0.313847	0.100506
141.046752581177	13.8702685075566	0.259177	0.088337
141.04795907498	13.8725513515101	0.463284	0.029976
141.020183176543	14.0237268538935	0.398419	0.046961
141.017494858441	14.0232004740172	0.341955	0.085358
141.014695606427	14.0373478842797	0.327166	0.130409
141.023775162103	14.0374998310746	0.477605	0.109826
141.018734291586	14.0636883188422	0.48888	0.104581
141.06123578018	13.8719090344731	0.553332	0.099424
141.038803508782	14.0247083999584	0.321883	0.050937
141.042976800569	14.0068629442155	0.533009	0.095068
141.080121916909	13.8909002634335	0.455459	0.029827
141.070713556811	13.9636121448899	0.365712	0.064707
141.067983510469	13.9814539162895	0.371	0.077626
141.048709753956	14.0696415571126	0.248262	0.114126
141.079848233028	13.9348060964396	0.391387	0.072273
141.08576389725	13.935943069175	0.201702	0.098643
141.083573563858	13.9344384845058	0.446313	0.090792
141.080406940902	13.9604554845735	0.347343	0.063749
141.079889024556	13.9585577151374	0.353316	0.050668
141.095464923262	13.8898200248625	0.427322	0.147246
141.086363203068	13.9560864007856	0.251689	0.095998
141.093173921629	13.9258438066249	0.26699	0.11093
141.068308752935	14.0408428338212	0.299806	0.143984
141.102457409794	13.897655359845	0.377027	0.124792
141.10179057067	13.9070641518484	0.346602	0.065507
141.067220775975	14.0651751776156	0.378762	0.048539
141.064693207287	14.0786465678796	0.4316	0.080546
141.068728779775	14.0683041552083	0.31286	0.057797
141.104269525848	13.9460022279224	0.384451	0.084191
141.07465276502	14.0807229564264	0.55369	0.115249
141.10631129495	13.9437563741573	0.23001	0.134966
141.081664114779	14.0652063235796	0.391187	0.032887
141.110001081713	13.9395705765237	0.48175	0.076506
141.085769144721	14.0610308181869	0.367387	0.116383
141.092220366521	14.0546991600811	0.377146	0.108052
141.118893767331	13.941408964164	0.461207	0.112073
141.132241472886	13.8865661710183	0.561188	0.069029
141.127969105464	13.9070329551136	0.339681	0.078288
141.094194626052	14.069855815608	0.404351	0.070065
141.130492826301	13.9107877351948	0.22304	0.059127
141.114599347597	13.9874509769988	0.479094	0.030677
141.100490012908	14.0522706684335	0.472107	0.070356
141.135093933378	13.8984920422683	0.34466	0.056984
141.082138954941	13.8786668586963	0.540583	0.033592
141.132571255043	13.8956266385596	0.424795	0.111672
141.189099362619	14.0099095958628	0.396167	0.066188
141.195366771455	14.0542289445588	0.275048	0.02716
141.194517363071	14.0561562885542	0.438176	0.02088
141.197464748921	14.0520386731132	0.425204	0.028705
141.134489008532	13.9123158618444	0.191068	0.012485
141.137880135055	13.9388902489371	0.082981	0.038156
141.132860751926	13.9342902031448	0.190783	0.065601
141.137347731261	13.9833932586854	0.143439	0.011967
141.125091455039	14.0596249170266	0.145891	0.016257
141.130814746011	14.0438962034065	0.122549	0.008887
141.120847944165	14.0900167655963	0.077983	0.021212
141.127380044676	14.0783853062682	0.154618	0.018437
141.176898972778	14.086522077275	0.134404	0.018442
141.212786965729	13.9642331660747	0.474672	0.168227
141.215197791082	14.0110082008052	0.148482	0.040069
141.232566179563	13.9993632206467	0.163684	0.015129
141.272990656203	13.9688347091438	0.420385	0.067584
141.125769338338	14.0670062305886	0.305676	0.019433
141.173313768461	13.905867135641	0.159412	0.031279
141.141881006292	14.071905600987	0.14723	0.0256
141.178310558786	14.0571731366866	0.179703	0.045916
141.182412932116	14.050839785253	0.131657	0.017121
141.217877468243	14.0627825821898	0.152293	0.026302
141.218417664188	14.063740230876	0.342426	0.046984
141.169145031261	13.9733254315638	0.327316	0.102451
141.168408777205	13.8931925275257	0.25346	0.065277
141.160827325928	13.9260042748412	0.41969	0.067945
141.14821708447	14.0822047196802	0.368741	0.066496
141.1978604664	13.9092059745745	0.168622	0.03845
141.184874647538	14.0194153168149	0.334606	0.028164
141.17990117466	14.0775294929094	0.106897	0.05066
141.253327772485	14.0099284497513	0.198128	0.04044
141.260420422698	14.0219474458383	0.398483	0.061613
141.140717200983	13.8859368377119	0.186088	0.080361
141.102746315879	14.0726976290597	0.391325	0.059531
141.143186942851	13.9061474344724	0.281487	0.100741
141.149373501141	13.8923105128332	0.335379	0.112071
141.111829817658	14.0643928698203	0.594877	0.072823
141.109113439781	14.0835026110802	0.384941	0.08061
141.114408750717	14.083581311256	0.130443	0.04865
141.126924514002	14.0559014111889	0.414541	0.144827
141.146092034725	13.9765684749672	0.40145	0.073425
141.148031841735	13.9711362292316	0.380385	0.079062
141.154117757982	13.9497428715528	0.110359	0.052183
141.145117021998	13.991558352572	0.30618	0.059965
141.132214239017	14.0531896337361	0.430096	0.090019
141.157577578093	13.9503294415333	0.414563	0.102325
141.162663967832	13.9478275047928	0.384469	0.104558
141.153439988767	13.991410038517	0.275649	0.105944
141.133839756369	14.0823803188896	0.169981	0.067444
141.144274399243	14.048543986634	0.478027	0.044111
141.147695636032	14.0733645567678	0.380541	0.035909
141.14807703286	14.0708427122822	0.184274	0.13061
141.148039604561	14.0687242280965	0.349219	0.081216
141.146182673008	14.0801236160128	0.38458	0.078628
141.186176962844	13.91274198983	0.113752	0.057164
141.170869388245	13.9868754060952	0.417211	0.07107
141.186713387558	13.9212976208769	0.494431	0.09571
141.192965446549	13.9000288527652	0.354671	0.172679
141.164429713622	14.0387976698028	0.37914	0.067796
141.189030446611	13.9261308467278	0.314875	0.095992
141.165045256528	14.0522172566703	0.38828	0.12732
141.199690973911	13.9131168296865	0.434203	0.072574
141.164593358074	14.0784003882431	0.378205	0.043441
141.1799327476	14.0158564129777	0.330752	0.029642
141.206364274477	13.9030823057502	0.238135	0.112402
141.192190045711	13.9734581420483	0.340284	0.082573
141.198678957233	13.9731608605377	0.363894	0.089208
141.198265694836	13.977547516555	0.26006	0.050654
141.196266588299	13.998350896899	0.209741	0.059138
141.192429381798	14.0354167070491	0.128611	0.045756
141.188671346373	14.0482808337694	0.43788	0.077012
141.187281935943	14.0534805263147	0.339965	0.103074
141.183635542175	14.0755868507314	0.361921	0.081571
141.212089869541	13.9468559424834	0.3732	0.140724
141.206469017304	13.9747469589153	0.379924	0.060679
141.19254653695	14.0388461331477	0.398109	0.046014
141.194409632946	14.0377059529045	0.47816	0.07897
141.200267854005	14.0125754073003	0.401066	0.123868
141.196673198739	14.030489109578	0.26122	0.107118
141.209022940764	13.9947257362764	0.387108	0.074111
141.215220088358	13.9719232225956	0.144085	0.033636
141.197761272752	14.0692107527265	0.441731	0.163992
141.196017942466	14.0775404642049	0.41915	0.103453
141.219858708989	13.9706398607827	0.362054	0.110303
141.196175506984	14.0800772425531	0.369675	0.055642
141.2319874929	13.9214486870473	0.400643	0.060756
141.213749010059	14.0043132098766	0.52506	0.139536
141.22960292192	13.9318340181103	0.391527	0.089871
141.212888174488	14.0173480571986	0.466167	0.139773
141.208179188596	14.0391088666513	0.386678	0.082423
141.230255692833	13.9475600271543	0.35489	0.122104
141.206693213833	14.0572368308195	0.377452	0.02727
141.205931355371	14.0739635981433	0.473477	0.029703
141.235414752046	13.9420056836241	0.410581	0.12405
141.225462538867	13.9928880253565	0.126484	0.043983
141.216682386942	14.0466979190561	0.430185	0.03188
141.224664109609	14.0172935209708	0.358278	0.095805
141.239627057069	13.9602343226917	0.355727	0.052062
141.225868321545	14.0378057185149	0.400698	0.110837
141.225828756087	14.0475882575447	0.497966	0.034168
141.222601696248	14.083965586181	0.371782	0.067543
141.254121609071	13.9424553924961	0.392485	0.124005
141.236704261349	14.0324551304651	0.338479	0.121577
141.239112944119	14.0281284434658	0.44788	0.191411
141.257014718003	13.9513275853589	0.385664	0.030473
141.257908052702	13.9487673522886	0.316997	0.050876
141.239449083613	14.0342294285828	0.445053	0.074403
141.248250524818	13.9993578244729	0.548485	0.19915
141.26310698146	13.9464755679187	0.355964	0.086918
141.242839521681	14.0451997755785	0.360745	0.042891
141.237017423369	14.0866937048569	0.471453	0.023304
141.234472147112	14.0851639063736	0.405952	0.116932
141.256823906139	13.9869708054993	0.225433	0.062053
141.253282937451	14.0130573801329	0.393513	0.106676
141.244114461413	14.0590022605556	0.394769	0.072545
141.256926531594	14.0218816093067	0.374735	0.041007
141.262564664863	14.0008821648163	0.329811	0.089387
141.248191775061	14.0767859002147	0.472455	0.111785
141.271693513528	13.9988164128313	0.441218	0.092507
141.130154522119	13.945744836456	0.403002	0.079464
141.11009111268	14.0755675406022	0.363854	0.071955
141.128827600104	13.9915380521459	0.434426	0.07673
141.127416319667	14.0876870347371	0.431719	0.131557
141.141799170096	14.045289651121	0.419596	0.090233
141.167782086729	14.0289190928833	0.376901	0.103963
141.176744994094	14.0189531386596	0.432028	0.04754
141.200095884205	14.0279668996641	0.480631	0.051348
141.225671749859	13.9431439968374	0.458197	0.075935
141.20989663169	14.0558781772096	0.441515	0.039685
141.214725042757	14.0373354360004	0.512062	0.055058
141.244155624032	13.9703651589665	0.467572	0.051952
141.222997504367	14.0713847038424	0.363081	0.122067
141.227517900228	14.0671523546591	0.497008	0.087719
141.243175298799	14.0889784355928	0.451004	0.042045
141.261889923771	14.0723587692333	0.216434	0.028965
141.28900979578	14.0938992741358	0.295172	0.090601
141.308954103898	14.0783685998238	0.349878	0.085107
141.270735851096	14.0069715378722	0.144138	0.012741
141.271136885006	14.0059959048047	0.22899	0.026147
141.281739060296	14.0033409283722	0.155911	0.028059
141.289918773077	14.0650198710748	0.078094	0.022783
141.297899593614	14.0584118428718	0.137199	0.008879
141.297157836428	14.0620764711974	0.091903	0.057945
141.325442045509	14.0500071653748	0.163599	0.017902
141.272398078021	14.018047978038	0.215846	0.035902
141.309423544693	14.0135362546635	0.294869	0.031013
141.278374362957	14.0087898453132	0.170366	0.042136
141.290000658793	13.9775055043889	0.391292	0.103378
141.287986733498	13.9779166096191	0.371709	0.080013
141.302942207025	14.0470199855664	0.259411	0.131347
141.322916438775	14.0381658310318	0.331389	0.067673
141.3083411455	14.101254521254	0.290365	0.056485
141.307705010684	14.0999350482019	0.31365	0.064339
141.342701325338	14.1193141904113	0.160107	0.045572
141.284342011934	13.9690267310908	0.331537	0.092348
141.26310553443	14.0887357477309	0.446811	0.070616
141.280979506281	14.0253804540902	0.583782	0.175628
141.264916525541	14.1056149212611	0.267361	0.073909
141.283286839289	14.0478062746097	0.349378	0.06828
141.291434719501	14.0094903969505	0.32245	0.073744
141.295819935393	13.9896892218059	0.447737	0.130844
141.27430854254	14.0886302855426	0.432477	0.083183
141.270381669296	14.1154037787464	0.352652	0.065806
141.28101395525	14.1054644497121	0.476515	0.117796
141.279017055171	14.1199580974144	0.294453	0.097974
141.288231506623	14.0867665511025	0.428074	0.025068
141.292033160084	14.077875600536	0.321025	0.054915
141.303440648334	14.0557783264405	0.201053	0.114842
141.302684647664	14.0881736021335	0.452241	0.081778
141.296504838032	14.1248371693484	0.332466	0.097647
141.299888483817	14.1135716115979	0.425398	0.074007
141.304214309543	14.0996842395143	0.329657	0.109283
141.303413713619	14.1070618399098	0.420393	0.072261
141.313944195173	14.0654633733984	0.39559	0.079917
141.317915527875	14.0957672118307	0.423981	0.073114
141.335387690125	14.0684848765357	0.416942	0.081836
141.332914044164	14.0678963274527	0.27616	0.084009
141.326075984502	14.1110630910179	0.458068	0.086165
141.329977939401	14.1183262936899	0.520689	0.098553
141.332634816337	14.120626306582	0.403693	0.156818
141.34373667085	14.115116788292	0.328372	0.106859
141.345548875462	14.1215339363136	0.219267	0.089563
141.279931434279	14.1227257697998	0.342693	0.060408