|set|TIME       |PDCSAP_FLUX  |
|int|double     |double       |
 4   352.3965965 2.0913392e+06 
 4   352.4374623 2.0913154e+06 
 4   352.4578952 2.0914594e+06 
 4   352.4783281 2.0915239e+06 
 4   352.4987610 2.0912898e+06 
 4   352.5191939 2.0913598e+06 
 4   352.5396267 2.0913505e+06 
 4   352.5600597 2.0913089e+06 
 4   352.5804926 2.0914222e+06 
 4   352.6009254 2.0912960e+06 
 4   352.6213584 2.0915276e+06 
 4   352.6417913 2.0913670e+06 
 4   352.6622242 2.0913399e+06 
 4   352.6826571 2.0913469e+06 
 4   352.7030900 2.0913852e+06 
 4   352.7235229 2.0913232e+06 
 4   352.7439558 2.0913888e+06 
 4   352.7643887 2.0914716e+06 
 4   352.7848216 2.0915181e+06 
 4   352.8052544 2.0915460e+06 
 4   352.8256874 2.0915009e+06 
 4   352.8461203 2.0914258e+06 
 4   352.8665531 2.0913802e+06 
 4   352.8869861 2.0913810e+06 
 4   352.9074190 2.0913655e+06 
 4   352.9278518 2.0914810e+06 
 4   352.9482848 2.0913295e+06 
 4   352.9687177 2.0914694e+06 
 4   353.0095834 2.0914074e+06 
 4   353.0300164 2.0913646e+06 
 4   353.0504493 2.0913232e+06 
 4   353.0708821 2.0913661e+06 
 4   353.0913151 2.0913330e+06 
 4   353.1117480 2.0912355e+06 
 4   353.1321808 2.0912191e+06 
 4   353.1526138 2.0913256e+06 
 4   353.1730467 2.0913015e+06 
 4   353.1934795 2.0912281e+06 
 4   353.2139125 2.0911824e+06 
 4   353.2343454 2.0912078e+06 
 4   353.2547782 2.0911379e+06 
 4   353.2752111 2.0910956e+06 
 4   353.2956442 2.0911078e+06 
 4   353.3160770 2.0910888e+06 
 4   353.3365099 2.0909268e+06 
 4   353.3569428 2.0908952e+06 
 4   353.3773757 2.0910496e+06 
 4   353.3978086 2.0910396e+06 
 4   353.4182416 2.0908725e+06 
 4   353.4386744 2.0910035e+06 
 4   353.4591073 2.0908739e+06 
 4   353.4795403 2.0908422e+06 
 4   353.4999731 2.0908822e+06 
 4   353.5204061 2.0909865e+06 
 4   353.5408390 2.0910648e+06 
 4   353.5612719 2.0910775e+06 
 4   353.5817048 2.0913020e+06 
 4   353.6021377 2.0913232e+06 
 4   353.6225706 2.0913432e+06 
 4   353.6430035 2.0913856e+06 
 4   353.6634364 2.0914396e+06 
 4   353.6838695 2.0913979e+06 
 4   353.7043023 2.0913001e+06 
 4   353.7247352 2.0914012e+06 
 4   353.7451682 2.0914674e+06 
 4   353.7656010 2.0915669e+06 
 4   353.8064667 2.0916445e+06 
 4   353.8268998 2.0915601e+06 
 4   353.8473327 2.0916230e+06 
 4   353.8677656 2.0917295e+06 
 4   353.8881985 2.0915788e+06 
 4   353.9086314 2.0917619e+06 
 4   353.9290643 2.0918321e+06 
 4   353.9494973 2.0918410e+06 
 4   353.9699302 2.0917726e+06 
 4   353.9903631 2.0917678e+06 
 4   354.0107959 2.0918696e+06 
 4   354.0312289 2.0919448e+06 
 4   354.0516619 2.0920888e+06 
 4   354.0720947 2.0918920e+06 
 4   354.0925277 2.0920918e+06 
 4   354.1129606 2.0921748e+06 
 4   354.1333934 2.0921429e+06 
 4   354.1538265 2.0921912e+06 
 4   354.1742593 2.0921270e+06 
 4   354.1946922 2.0922396e+06 
 4   354.2151252 2.0922769e+06 
 4   354.2355581 2.0923816e+06 
 4   354.2559910 2.0923822e+06 
 4   354.2764239 2.0922670e+06 
 4   354.2968569 2.0923564e+06 
 4   354.3172897 2.0923205e+06 
 4   354.3377227 2.0922322e+06 
 4   354.3581557 2.0922318e+06 
 4   354.3785885 2.0921296e+06 
 4   354.3990214 2.0920981e+06 
 4   354.4194545 2.0918959e+06 
 4   354.4398873 2.0920966e+06 
 4   354.4603202 2.0922276e+06 
 4   354.4807532 2.0922434e+06 
 4   354.5011861 2.0921118e+06 
 4   354.5216190 2.0921604e+06 
 4   354.5420519 2.0920325e+06 
 4   354.5624849 2.0922488e+06 
 4   354.5829178 2.0921654e+06 
 4   354.6033507 2.0921736e+06 
 4   354.6237837 2.0922778e+06 
 4   354.6442166 2.0922214e+06 
 4   354.6646495 2.0923021e+06 
 4   354.6850825 2.0923419e+06 
 4   354.7055153 2.0923055e+06 
 4   354.7259483 2.0923282e+06 
 4   354.7463813 2.0922628e+06 
 4   354.7668141 2.0923341e+06 
 4   354.7872471 2.0923416e+06 
 4   354.8076800 2.0923649e+06 
 4   354.8281129 2.0923382e+06 
 4   354.8485459 2.0923655e+06 
 4   354.8689788 2.0924089e+06 
 4   354.8894118 2.0922189e+06 
 4   354.9098447 2.0922790e+06 
 4   354.9302776 2.0922484e+06 
 4   354.9507105 2.0920942e+06 
 4   354.9711435 2.0922409e+06 
 4   354.9915764 2.0922038e+06 
 4   355.0120093 2.0921858e+06 
 4   355.0324423 2.0922082e+06 
 4   355.0528751 2.0922441e+06 
 4   355.0733080 2.0922395e+06 
 4   355.0937411 2.0922832e+06 
 4   355.1141740 2.0921506e+06 
 4   355.1346068 2.0923374e+06 
 4   355.1550399 2.0923086e+06 
 4   355.1754728 2.0922265e+06 
 4   355.1959056 2.0923976e+06 
 4   355.2163387 2.0922238e+06 
 4   355.2367716 2.0923395e+06 
 4   355.2572045 2.0924236e+06 
 4   355.2776374 2.0922050e+06 
 4   355.2980704 2.0922546e+06 
 4   355.3185033 2.0920742e+06 
 4   355.3389362 2.0921658e+06 
 4   355.3593693 2.0921591e+06 
 4   355.3798021 2.0921428e+06 
 4   355.4206681 2.0921966e+06 
 4   355.4411010 2.0921028e+06 
 4   355.4615339 2.0920035e+06 
 4   355.4819669 2.0920211e+06 
 4   355.5023998 2.0919496e+06 
 4   355.5228327 2.0920118e+06 
 4   355.5432656 2.0919509e+06 
 4   355.5636987 2.0919326e+06 
 4   355.5841315 2.0918005e+06 
 4   355.6045645 2.0916494e+06 
 4   355.6249975 2.0915636e+06 
 4   355.6454303 2.0914321e+06 
 4   355.6658633 2.0914640e+06 
 4   355.6862963 2.0914002e+06 
 4   355.7067293 2.0913968e+06 
 4   355.7271621 2.0911475e+06 
 4   355.7475952 2.0912366e+06 
 4   355.7680281 2.0912602e+06 
 4   355.7884610 2.0912922e+06 
 4   355.8088939 2.0912856e+06 
 4   355.8293269 2.0910350e+06 
 4   355.8497598 2.0910636e+06 
 4   355.8701928 2.0911095e+06 
 4   355.8906257 2.0911279e+06 
 4   355.9110586 2.0909755e+06 
 4   355.9314915 2.0909364e+06 
 4   355.9519245 2.0907786e+06 
 4   355.9723575 2.0909769e+06 
 4   355.9927904 2.0909694e+06 
 4   356.0132234 2.0909011e+06 
 4   356.0336563 2.0909298e+06 
 4   356.0540893 2.0908902e+06 
 4   356.0745221 2.0907454e+06 
 4   356.0949552 2.0907026e+06 
 4   356.1153881 2.0906092e+06 
 4   356.1358210 2.0906978e+06 
 4   356.1562541 2.0908434e+06 
 4   356.1766870 2.0907420e+06 
 4   356.1971199 2.0907792e+06 
 4   356.2175529 2.0906616e+06 
 4   356.2379859 2.0906866e+06 
 4   356.2584187 2.0907480e+06 
 4   356.2788518 2.0906886e+06 
 4   356.2992847 2.0907099e+06 
 4   356.3197177 2.0908309e+06 
 4   356.3401505 2.0908490e+06 
 4   356.3605836 2.0908759e+06 
 4   356.3810165 2.0908514e+06 
 4   356.4014494 2.0906976e+06 
 4   356.4218825 2.0908031e+06 
 4   356.4423154 2.0908980e+06 
 4   356.4627483 2.0908761e+06 
 4   356.4831813 2.0908329e+06 
 4   356.5036143 2.0908601e+06 
 4   356.5240471 2.0908252e+06 
 4   356.5444801 2.0907351e+06 
 4   356.5649132 2.0908474e+06 
 4   356.5853461 2.0908600e+06 
 4   356.6057790 2.0908906e+06 
 4   356.6262120 2.0908606e+06 
 4   356.6466449 2.0910745e+06 
 4   356.6670779 2.0911500e+06 
 4   356.6875109 2.0909829e+06 
 4   356.7079438 2.0909146e+06 
 4   356.7283767 2.0910181e+06 
 4   356.7488098 2.0910602e+06 
 4   356.7692427 2.0910829e+06 
 4   356.7896756 2.0912148e+06 
 4   356.8101086 2.0911584e+06 
 4   356.8305416 2.0911069e+06 
 4   356.8509745 2.0910652e+06 
 4   356.8714075 2.0911111e+06 
 4   356.8918405 2.0912058e+06 
 4   356.9122734 2.0912956e+06 
 4   356.9327064 2.0914292e+06 
 4   356.9531394 2.0915221e+06 
 4   356.9735723 2.0914771e+06 
 4   356.9940053 2.0915062e+06 
 4   357.0144383 2.0915432e+06 
 4   357.0348712 2.0917156e+06 
 4   357.0553042 2.0916514e+06 
 4   357.0757370 2.0915888e+06 
 4   357.0961701 2.0916650e+06 
 4   357.1166031 2.0916120e+06 
 4   357.1370359 2.0918519e+06 
 4   357.1574690 2.0918102e+06 
 4   357.1779020 2.0918434e+06 
 4   357.1983350 2.0918591e+06 
 4   357.2187679 2.0918708e+06 
 4   357.2392009 2.0919484e+06 
 4   357.2596339 2.0919694e+06 
 4   357.2800669 2.0922010e+06 
 4   357.3004998 2.0920206e+06 
 4   357.3209328 2.0920550e+06 
 4   357.3413656 2.0920901e+06 
 4   357.3617987 2.0920820e+06 
 4   357.3822317 2.0919981e+06 
 4   357.4026646 2.0919580e+06 
 4   357.4230976 2.0919718e+06 
 4   357.4435306 2.0920505e+06 
 4   357.4639636 2.0920590e+06 
 4   357.4843966 2.0920291e+06 
 4   357.5048295 2.0920651e+06 
 4   357.5252624 2.0920766e+06 
 4   357.5456954 2.0919870e+06 
 4   357.5661284 2.0920199e+06 
 4   357.5865613 2.0919109e+06 
 4   357.6069943 2.0919556e+06 
 4   357.6274274 2.0919169e+06 
 4   357.6478603 2.0919172e+06 
 4   357.6682932 2.0920691e+06 
 4   357.6887263 2.0919875e+06 
 4   357.7091592 2.0918756e+06 
 4   357.7295922 2.0919442e+06 
 4   357.7500252 2.0918165e+06 
 4   357.7704581 2.0920645e+06 
 4   357.7908911 2.0921022e+06 
 4   357.8113241 2.0921319e+06 
 4   357.8317572 2.0920744e+06 
 4   357.8521900 2.0921840e+06 
 4   357.8726230 2.0921959e+06 
 4   357.8930561 2.0921390e+06 
 4   357.9134890 2.0922801e+06 
 4   357.9339220 2.0922750e+06 
 4   357.9543550 2.0922352e+06 
 4   357.9747879 2.0921045e+06 
 4   357.9952209 2.0921816e+06 
 4   358.0156540 2.0919898e+06 
 4   358.0360869 2.0920156e+06 
 4   358.0565198 2.0917879e+06 
 4   358.0769528 2.0918674e+06 
 4   358.0973858 2.0919455e+06 
 4   358.1178188 2.0918072e+06 
 4   358.1382518 2.0916655e+06 
 4   358.1586849 2.0918059e+06 
 4   358.1791178 2.0918555e+06 
 4   358.1995507 2.0916911e+06 
 4   358.2199838 2.0916746e+06 
 4   358.2404167 2.0916038e+06 
 4   358.2608497 2.0915560e+06 
 4   358.2812828 2.0915872e+06 
 4   358.3017157 2.0915760e+06 
 4   358.3221487 2.0915311e+06 
 4   358.3425816 2.0917309e+06 
 4   358.3630146 2.0916165e+06 
 4   358.4038805 2.0917578e+06 
 4   358.4243136 2.0917758e+06 
 4   358.4447466 2.0918864e+06 
 4   358.4651795 2.0919921e+06 
 4   358.4856126 2.0920036e+06 
 4   358.5060456 2.0922965e+06 
 4   358.5264784 2.0919168e+06 
 4   358.5469114 2.0919986e+06 
 4   358.5673445 2.0921105e+06 
 4   358.5877774 2.0920895e+06 
 4   358.6082104 2.0920655e+06 
 4   358.6286435 2.0923122e+06 
 4   358.6490764 2.0922938e+06 
 4   358.6695094 2.0921262e+06 
 4   358.6899425 2.0922136e+06 
 4   358.7103755 2.0919605e+06 
 4   358.7308084 2.0921522e+06 
 4   358.7512415 2.0921820e+06 
 4   358.7716745 2.0921506e+06 
 4   358.7921074 2.0923171e+06 
 4   358.8125403 2.0921536e+06 
 4   358.8329734 2.0921088e+06 
 4   358.8534063 2.0922688e+06 
 4   358.8738393 2.0921706e+06 
 4   358.8942724 2.0921106e+06 
 4   358.9147053 2.0922619e+06 
 4   358.9351383 2.0922150e+06 
 4   358.9555714 2.0922111e+06 
 4   358.9760043 2.0922318e+06 
 4   358.9964373 2.0922396e+06 
 4   359.0168704 2.0922420e+06 
 4   359.0373034 2.0921465e+06 
 4   359.0577363 2.0922735e+06 
 4   359.0781693 2.0921682e+06 
 4   359.0986024 2.0921750e+06 
 4   359.1190353 2.0920581e+06 
 4   359.1394683 2.0921239e+06 
 4   359.1599014 2.0920660e+06 
 4   359.1803343 2.0921452e+06 
 4   359.2007673 2.0921608e+06 
 4   359.2212004 2.0921214e+06 
 4   359.2416333 2.0920711e+06 
 4   359.2620663 2.0923968e+06 
 4   359.2824993 2.0920479e+06 
 4   359.3029323 2.0921454e+06 
 4   359.3233653 2.0921082e+06 
 4   359.3437983 2.0919452e+06 
 4   359.3642313 2.0918334e+06 
 4   359.3846643 2.0919024e+06 
 4   359.4050973 2.0919811e+06 
 4   359.4255304 2.0916999e+06 
 4   359.4459634 2.0916982e+06 
 4   359.4663963 2.0918096e+06 
 4   359.4868294 2.0917699e+06 
 4   359.5072624 2.0917426e+06 
 4   359.5276953 2.0917429e+06 
 4   359.5481283 2.0918212e+06 
 4   359.5685614 2.0916805e+06 
 4   359.5889944 2.0917814e+06 
 4   359.6094273 2.0917002e+06 
 4   359.6298604 2.0917850e+06 
 4   359.6502934 2.0915634e+06 
 4   359.6707264 2.0914845e+06 
 4   359.6911595 2.0914778e+06 
 4   359.7115925 2.0915039e+06 
 4   359.7320254 2.0914400e+06 
 4   359.7524585 2.0913404e+06 
 4   359.7728915 2.0912568e+06 
 4   359.7933244 2.0910810e+06 
 4   359.8137574 2.0912544e+06 
 4   359.8341905 2.0912732e+06 
 4   359.8546235 2.0912201e+06 
 4   359.8750565 2.0910326e+06 
 4   359.8954896 2.0910279e+06 
 4   359.9159226 2.0911204e+06 
 4   359.9363555 2.0908956e+06 
 4   359.9567886 2.0909182e+06 
 4   359.9772216 2.0907984e+06 
 4   359.9976545 2.0909615e+06 
 4   360.0180877 2.0908999e+06 
 4   360.0385207 2.0909079e+06 
 4   360.0589536 2.0908974e+06 
 4   360.0793866 2.0908104e+06 
 4   360.0998197 2.0908052e+06 
 4   360.1202526 2.0907729e+06 
 4   360.1406857 2.0908482e+06 
 4   360.1611187 2.0907311e+06 
 4   360.1815517 2.0907901e+06 
 4   360.2019847 2.0908956e+06 
 4   360.2224177 2.0907539e+06 
 4   360.2428508 2.0909720e+06 
 4   360.2632838 2.0908736e+06 
 4   360.2837169 2.0909576e+06 
 4   360.3041498 2.0910744e+06 
 4   360.3245828 2.0910859e+06 
 4   360.3450158 2.0910632e+06 
 4   360.3654489 2.0910652e+06 
 4   360.3858819 2.0910634e+06 
 4   360.4063148 2.0910392e+06 
 4   360.4267479 2.0909980e+06 
 4   360.4471810 2.0909282e+06 
 4   360.4676140 2.0911451e+06 
 4   360.4880470 2.0911344e+06 
 4   360.5084800 2.0911484e+06 
 4   360.5289131 2.0912668e+06 
 4   360.5493461 2.0912100e+06 
 4   360.5902121 2.0912801e+06 
 4   360.6106450 2.0911448e+06 
 4   360.6310782 2.0912035e+06 
 4   360.6515112 2.0913432e+06 
 4   360.6719441 2.0911469e+06 
 4   360.6923773 2.0913391e+06 
 4   360.7128103 2.0913422e+06 
 4   360.7332433 2.0914419e+06 
 4   360.7536763 2.0912978e+06 
 4   360.7741094 2.0912362e+06 
 4   360.7945424 2.0913378e+06 
 4   360.8149753 2.0915770e+06 
 4   360.8354084 2.0913996e+06 
 4   360.8558415 2.0916501e+06 
 4   360.8762744 2.0916209e+06 
 4   360.8967075 2.0916835e+06 
 4   360.9171406 2.0916035e+06 
 4   360.9375735 2.0916322e+06 
 4   360.9580066 2.0915728e+06 
 4   360.9784397 2.0915762e+06 
 4   360.9988726 2.0915256e+06 
 4   361.0193057 2.0915606e+06 
 4   361.0397387 2.0913402e+06 
 4   361.0601717 2.0914778e+06 
 4   361.0806047 2.0913275e+06 
 4   361.1010379 2.0913598e+06 
 4   361.1214708 2.0913134e+06 
 4   361.1419038 2.0913464e+06 
 4   361.1623370 2.0913195e+06 
 4   361.1827699 2.0913804e+06 
 4   361.2032029 2.0912599e+06 
 4   361.2236361 2.0911160e+06 
 4   361.2440690 2.0910915e+06 
 4   361.2645020 2.0912244e+06 
 4   361.2849352 2.0912335e+06 
 4   361.3053681 2.0911811e+06 
 4   361.3258011 2.0911748e+06 
 4   361.3462342 2.0911695e+06 
 4   361.3871003 2.0909766e+06 
 4   361.4075333 2.0909919e+06 
 4   361.4279664 2.0909234e+06 
 4   361.4483994 2.0908446e+06 
 4   361.4688324 2.0907976e+06 
 4   361.4892656 2.0905734e+06 
 4   361.5096985 2.0906038e+06 
 4   361.5301315 2.0906780e+06 
 4   361.5505647 2.0906351e+06 
 4   361.5709976 2.0906928e+06 
 4   361.5914307 2.0905688e+06 
 4   361.6118637 2.0905532e+06 
 4   361.6322967 2.0905319e+06 
 4   361.6527298 2.0905129e+06 
 4   361.6731628 2.0903984e+06 
 4   361.6935959 2.0904819e+06 
 4   361.7140289 2.0904728e+06 
 4   361.7344620 2.0905571e+06 
 4   361.7548950 2.0903561e+06 
 4   361.7753280 2.0905064e+06 
 4   361.7957611 2.0903730e+06 
 4   361.8161941 2.0905394e+06 
 4   361.8366272 2.0905124e+06 
 4   361.8570602 2.0904869e+06 
 4   361.8774932 2.0905666e+06 
 4   361.8979263 2.0905188e+06 
 4   361.9183593 2.0907292e+06 
 4   361.9387923 2.0908395e+06 
 4   361.9592255 2.0908685e+06 
 4   361.9796585 2.0910319e+06 
 4   362.0000915 2.0909581e+06 
 4   362.0205246 2.0909648e+06 
 4   362.0409577 2.0910584e+06 
 4   362.0613906 2.0910658e+06 
 4   362.0818237 2.0911566e+06 
 4   362.1022568 2.0910161e+06 
 4   362.1226898 2.0911841e+06 
 4   362.1431228 2.0913166e+06 
 4   362.1635560 2.0913542e+06 
 4   362.1839889 2.0913386e+06 
 4   362.2044220 2.0914250e+06 
 4   362.2248551 2.0914092e+06 
 4   362.2452881 2.0915132e+06 
 4   362.2657211 2.0915664e+06 
 4   362.2861543 2.0915795e+06 
 4   362.3065873 2.0915072e+06 
 4   362.3270203 2.0915139e+06 
 4   362.3474533 2.0914731e+06 
 4   362.3678865 2.0915049e+06 
 4   362.3883194 2.0913721e+06 
 4   362.4087525 2.0914889e+06 
 4   362.4291857 2.0915976e+06 
 4   362.4496186 2.0916171e+06 
 4   362.4700517 2.0916529e+06 
 4   362.4904848 2.0915270e+06 
 4   362.5109178 2.0915965e+06 
 4   362.5313508 2.0917950e+06 
 4   362.5517840 2.0916782e+06 
 4   362.5722170 2.0917052e+06 
 4   362.5926500 2.0917128e+06 
 4   362.6130831 2.0917002e+06 
 4   362.6335161 2.0917269e+06 
 4   362.6539492 2.0918931e+06 
 4   362.6743823 2.0920502e+06 
 4   362.6948153 2.0920958e+06 
 4   362.7152484 2.0921705e+06 
 4   362.7356813 2.0920742e+06 
 4   362.7561145 2.0920865e+06 
 4   362.7765476 2.0921405e+06 
 4   362.7969805 2.0922199e+06 
 4   362.8174137 2.0921824e+06 
 4   362.8378467 2.0922022e+06 
 4   362.8582798 2.0921335e+06 
 4   362.8787128 2.0920865e+06 
 4   362.8991459 2.0922282e+06 
 4   362.9195790 2.0921524e+06 
 4   362.9400120 2.0921014e+06 
 4   362.9604451 2.0921242e+06 
 4   362.9808782 2.0921330e+06 
 4   363.0013112 2.0920610e+06 
 4   363.0217443 2.0920720e+06 
 4   363.0421774 2.0920689e+06 
 4   363.0626104 2.0920445e+06 
 4   363.0830434 2.0919459e+06 
 4   363.1034766 2.0919966e+06 
 4   363.1239096 2.0918622e+06 
 4   363.1443426 2.0918369e+06 
 4   363.1647758 2.0919355e+06 
 4   363.1852089 2.0918026e+06 
 4   363.2056418 2.0917624e+06 
 4   363.2260750 2.0917188e+06 
 4   363.2465081 2.0916420e+06 
 4   363.2669410 2.0916356e+06 
 4   363.2873742 2.0915664e+06 
 4   363.3078073 2.0917595e+06 
 4   363.3282403 2.0916230e+06 
 4   363.3486733 2.0915125e+06 
 4   363.3691065 2.0915509e+06 
 4   363.3895395 2.0915579e+06 
 4   363.4099725 2.0915779e+06 
 4   363.4304057 2.0914088e+06 
 4   363.4508387 2.0914824e+06 
 4   363.4712718 2.0914020e+06 
 4   363.4917049 2.0914446e+06 
 4   363.5121379 2.0912648e+06 
 4   363.5325710 2.0911835e+06 
 4   363.5530042 2.0913020e+06 
 4   363.5734371 2.0912166e+06 
 4   363.5938702 2.0911850e+06 
 4   363.6143032 2.0911744e+06 
 4   363.6347364 2.0910974e+06 
 4   363.6551694 2.0910572e+06 
 4   363.6756024 2.0911018e+06 
 4   363.6960356 2.0910186e+06 
 4   363.7164687 2.0910505e+06 
 4   363.7369018 2.0910488e+06 
 4   363.7573348 2.0911045e+06 
 4   363.7777679 2.0909140e+06 
 4   363.7982010 2.0910095e+06 
 4   363.8186341 2.0908389e+06 
 4   363.8390672 2.0910786e+06 
 4   363.8595002 2.0910131e+06 
 4   363.8799332 2.0910792e+06 
 4   363.9003664 2.0910082e+06 
 4   363.9207995 2.0909934e+06 
 4   363.9412325 2.0909911e+06 
 4   363.9616656 2.0910562e+06 
 4   363.9820987 2.0911384e+06 
 4   364.0025318 2.0910616e+06 
 4   364.0229649 2.0911058e+06 
 4   364.0433980 2.0910851e+06 
 4   364.0638311 2.0911365e+06 
 4   364.0842641 2.0910990e+06 
 4   364.1046972 2.0912286e+06 
 4   364.1251303 2.0912084e+06 
 4   364.1455633 2.0912099e+06 
 4   364.1659965 2.0911066e+06 
 4   364.1864296 2.0914195e+06 
 4   364.2068626 2.0912778e+06 
 4   364.2272957 2.0912658e+06 
 4   364.2477288 2.0912765e+06 
 4   364.2681618 2.0913731e+06 
 4   364.2885950 2.0913540e+06 
 4   364.3090281 2.0914176e+06 
 4   364.3294611 2.0912136e+06 
 4   364.3703274 2.0914541e+06 
 4   364.3907604 2.0914204e+06 
 4   364.4111934 2.0912886e+06 
 4   364.4316266 2.0914495e+06 
 4   364.4520596 2.0913471e+06 
 4   364.4724927 2.0911640e+06 
 4   364.4929259 2.0913330e+06 
 4   364.5133589 2.0913178e+06 
 4   364.5337920 2.0913428e+06 
 4   364.5542252 2.0911981e+06 
 4   364.5746582 2.0913282e+06 
 4   364.5950913 2.0913271e+06 
 4   364.6155244 2.0913934e+06 
 4   364.6359575 2.0912554e+06 
 4   364.6563905 2.0914002e+06 
 4   364.6768236 2.0914716e+06 
 4   364.6972567 2.0914208e+06 
 4   364.7176898 2.0915406e+06 
 4   364.7381229 2.0915765e+06 
 4   364.7585561 2.0915710e+06 
 4   364.7789891 2.0914905e+06 
 4   364.7994222 2.0916596e+06 
 4   364.8198554 2.0917794e+06 
 4   364.8402884 2.0917375e+06 
 4   364.8607215 2.0916738e+06 
 4   364.8811546 2.0917528e+06 
 4   364.9015877 2.0915705e+06 
 4   364.9220208 2.0916836e+06 
 4   364.9424539 2.0916698e+06 
 4   364.9628870 2.0916190e+06 
 4   364.9833201 2.0916369e+06 
 4   365.0037532 2.0916412e+06 
 4   365.0241864 2.0915520e+06 
 4   365.0446194 2.0914748e+06 
 4   365.0650525 2.0916540e+06 
 4   365.0854857 2.0916786e+06 
 4   365.1059187 2.0917378e+06 
 4   365.1263518 2.0916841e+06 
 4   365.1467848 2.0915619e+06 
 4   365.1672180 2.0915479e+06 
 4   365.1876511 2.0915842e+06 
 4   365.2080842 2.0915311e+06 
 4   365.2285173 2.0914669e+06 
 4   365.2489504 2.0916885e+06 
 4   365.2693834 2.0915272e+06 
 4   365.2898166 2.0914485e+06 
 4   365.3102498 2.0914802e+06 
 4   365.3306828 2.0912221e+06 
 4   365.3511160 2.0910109e+06 
 4   365.3715491 2.0912366e+06 
 4   365.3919821 2.0912514e+06 
 4   365.4124152 2.0912532e+06 
 4   365.4328484 2.0913208e+06 
 4   365.4532814 2.0913365e+06 
 4   365.4737145 2.0913910e+06 
 4   365.4941477 2.0913062e+06 
 4   365.5145807 2.0912995e+06 
 4   365.5350138 2.0911714e+06 
 4   365.5554471 2.0913710e+06 
 4   365.5758802 2.0911622e+06 
 4   365.5963132 2.0911875e+06 
 4   365.6167463 2.0912069e+06 
 4   365.6371795 2.0912135e+06 
 4   365.6576125 2.0911150e+06 
 4   365.6780456 2.0912469e+06 
 4   365.6984788 2.0912148e+06 
 4   365.7189118 2.0912771e+06 
 4   365.7393450 2.0912380e+06 
 4   365.7597782 2.0913106e+06 
 4   365.7802112 2.0913052e+06 
 4   365.8006443 2.0912259e+06 
 4   365.8210775 2.0913572e+06 
 4   365.8415105 2.0913861e+06 
 4   365.8619436 2.0913912e+06 
 4   365.8823768 2.0913149e+06 
 4   365.9028100 2.0914572e+06 
 4   365.9232430 2.0915975e+06 
 4   365.9436761 2.0914752e+06 
 4   365.9641093 2.0914069e+06 
 4   365.9845423 2.0916716e+06 
 4   366.0049755 2.0913940e+06 
 4   366.0254086 2.0915170e+06 
 4   366.0458417 2.0916194e+06 
 4   366.0662748 2.0916019e+06 
 4   366.0867079 2.0916964e+06 
 4   366.1071411 2.0917431e+06 
 4   366.1275742 2.0916890e+06 
 4   366.1480072 2.0916249e+06 
 4   366.1684404 2.0915589e+06 
 4   366.1888735 2.0916469e+06 
 4   366.2093066 2.0916334e+06 
 4   366.2297398 2.0916510e+06 
 4   366.2501729 2.0916966e+06 
 4   366.2706059 2.0916045e+06 
 4   366.2910392 2.0915434e+06 
 4   366.3114723 2.0915634e+06 
 4   366.3319053 2.0916556e+06 
 4   366.3523385 2.0917431e+06 
 4   366.3727716 2.0915628e+06 
 4   366.3932047 2.0916302e+06 
 4   366.4136378 2.0916364e+06 
 4   366.4340710 2.0915869e+06 
 4   366.4545041 2.0915838e+06 
 4   366.4749372 2.0914555e+06 
 4   366.4953704 2.0914384e+06 
 4   366.5158035 2.0914954e+06 
 4   366.5362366 2.0915270e+06 
 4   366.5566698 2.0916169e+06 
 4   366.5771029 2.0917041e+06 
 4   366.5975359 2.0915201e+06 
 4   366.6179691 2.0915666e+06 
 4   366.6384023 2.0915749e+06 
 4   366.6588353 2.0915455e+06 
 4   366.6792685 2.0916394e+06 
 4   366.6997017 2.0913946e+06 
 4   366.7201347 2.0915751e+06 
 4   366.7405678 2.0914365e+06 
 4   366.7610011 2.0914281e+06 
 4   366.7814342 2.0913949e+06 
 4   366.8018672 2.0914560e+06 
 4   366.8223005 2.0915448e+06 
 4   366.8427336 2.0913140e+06 
 4   366.8631666 2.0913524e+06 
 4   366.8835998 2.0913354e+06 
 4   366.9040329 2.0913695e+06 
 4   366.9244660 2.0913210e+06 
 4   366.9448992 2.0913904e+06 
 4   366.9653323 2.0912935e+06 
 4   366.9857654 2.0911896e+06 
 4   367.0061986 2.0913235e+06 
 4   367.0266317 2.0912976e+06 
 4   367.0470649 2.0913401e+06 
 4   367.0674980 2.0913991e+06 
 4   367.0879311 2.0914574e+06 
 4   367.1083643 2.0914566e+06 
 4   367.1287974 2.0912731e+06 
 4   367.1492304 2.0912046e+06 
 4   367.1696637 2.0913165e+06 
 4   367.1900968 2.0912832e+06 
 4   367.2105299 2.0912554e+06 
 4   367.2309631 2.0913228e+06 
 4   367.2513962 2.0912759e+06 
 4   367.2718293 2.0912574e+06 
 4   367.2922625 2.0912918e+06 
 4   367.3126957 2.0913020e+06 
 4   367.3535619 2.0915020e+06 
 4   367.3739951 2.0913606e+06 
 4   367.3944282 2.0913552e+06 
 4   367.4148613 2.0913165e+06 
 4   367.4352945 2.0913280e+06 
 4   367.4557277 2.0914564e+06 
 4   367.4761607 2.0915069e+06 
 4   367.4965939 2.0915988e+06 
 4   367.5170271 2.0916182e+06 
 4   367.5374601 2.0917250e+06 
 4   367.5578934 2.0915316e+06 
 4   367.5783265 2.0916492e+06 
 4   367.5987596 2.0915402e+06 
 4   367.6191928 2.0915756e+06 
 4   367.6396260 2.0915540e+06 
 4   367.6600591 2.0915198e+06 
 4   367.6804922 2.0915378e+06 
 4   367.7009254 2.0915782e+06 
 4   367.7213585 2.0917255e+06 
 4   367.7417916 2.0916885e+06 
 4   367.7622249 2.0916230e+06 
 4   367.7826580 2.0916431e+06 
 4   367.8030911 2.0916778e+06 
 4   367.8235243 2.0917866e+06 
 4   367.8439574 2.0916976e+06 
 4   367.8643905 2.0918278e+06 
 4   367.8848237 2.0917388e+06 
 4   367.9052568 2.0918158e+06 
 4   367.9256900 2.0917970e+06 
 4   367.9461231 2.0918246e+06 
 4   367.9665563 2.0920632e+06 
 4   367.9869894 2.0919442e+06 
 4   368.0074226 2.0920611e+06 
 4   368.0278558 2.0921026e+06 
 4   368.0482889 2.0920422e+06 
 4   368.0687220 2.0920788e+06 
 4   368.0891553 2.0921814e+06 
 4   368.1095884 2.0921308e+06 
 4   368.1300215 2.0922029e+06 
 4   368.1504547 2.0921920e+06 
 4   368.1708878 2.0919746e+06 
 4   368.1913210 2.0921192e+06 
 4   368.2117541 2.0921066e+06 
 4   368.2321873 2.0920760e+06 
 4   368.2526204 2.0922522e+06 
 4   368.2730536 2.0920954e+06 
 4   368.2934869 2.0921684e+06 
 4   368.3139199 2.0921918e+06 
 4   368.3343531 2.0922274e+06 
 4   368.3547863 2.0921826e+06 
 4   368.3752194 2.0920816e+06 
 4   368.3956526 2.0921331e+06 
 4   368.4160856 2.0920724e+06 
 4   368.4365189 2.0921396e+06 
 4   368.4569520 2.0920908e+06 
 4   368.4773851 2.0918861e+06 
 4   368.4978184 2.0921148e+06 
 4   368.5182515 2.0919906e+06 
 4   368.5386847 2.0918230e+06 
 4   368.5591179 2.0918749e+06 
 4   368.5795510 2.0917455e+06 
 4   368.5999841 2.0918026e+06 
 4   368.6204174 2.0918212e+06 
 4   368.6408505 2.0917439e+06 
 4   368.6612837 2.0918030e+06 
 4   368.6817167 2.0918435e+06 
 4   368.7021500 2.0917661e+06 
 4   368.7225831 2.0919176e+06 
 4   368.7430162 2.0919235e+06 
 4   368.7634495 2.0918040e+06 
 4   368.7838826 2.0918371e+06 
 4   368.8043158 2.0917126e+06 
 4   368.8247490 2.0918496e+06 
 4   368.8451821 2.0917878e+06 
 4   368.8656153 2.0916696e+06 
 4   368.8860484 2.0918956e+06 
 4   368.9064817 2.0918894e+06 
 4   368.9269148 2.0918640e+06 
 4   368.9473479 2.0920102e+06 
 4   368.9677812 2.0919839e+06 
 4   368.9882143 2.0918351e+06 
 4   369.0086475 2.0919694e+06 
 4   369.0290807 2.0919304e+06 
 4   369.0495138 2.0919599e+06 
 4   369.0699470 2.0918665e+06 
 4   369.0903802 2.0919595e+06 
 4   369.1108133 2.0918795e+06 
 4   369.1312465 2.0919382e+06 
 4   369.1516797 2.0918894e+06 
 4   369.1721129 2.0918029e+06 
 4   369.1925460 2.0918401e+06 
 4   369.2129792 2.0917781e+06 
 4   369.2334125 2.0917268e+06 
 4   369.2538455 2.0916120e+06 
 4   369.2742787 2.0915281e+06 
 4   369.2947120 2.0915575e+06 
 4   369.3151451 2.0915909e+06 
 4   369.3355782 2.0914204e+06 
 4   369.3560115 2.0915425e+06 
 4   369.3764446 2.0915140e+06 
 4   369.3968778 2.0914025e+06 
 4   369.4173110 2.0914026e+06 
 4   369.4377441 2.0912292e+06 
 4   369.4581773 2.0913038e+06 
 4   369.4786105 2.0912919e+06 
 4   369.4990437 2.0911260e+06 
 4   369.5194769 2.0911538e+06 
 4   369.5399100 2.0911795e+06 
 4   369.5603432 2.0911301e+06 
 4   369.5807764 2.0911330e+06 
 4   369.6012095 2.0910681e+06 
 4   369.6216428 2.0911805e+06 
 4   369.6420760 2.0911729e+06 
 4   369.6625090 2.0910602e+06 
 4   369.6829422 2.0910865e+06 
 4   369.7033755 2.0910541e+06 
 4   369.7238087 2.0911188e+06 
 4   369.7442418 2.0909764e+06 
 4   369.7646751 2.0910696e+06 
 4   369.7851082 2.0911142e+06 
 4   369.8055413 2.0909561e+06 
 4   369.8259746 2.0910311e+06 
 4   369.8464078 2.0910660e+06 
 4   369.8668409 2.0911139e+06 
 4   369.8872741 2.0909510e+06 
 4   369.9077074 2.0910829e+06 
 4   369.9281405 2.0909898e+06 
 4   369.9485736 2.0908961e+06 
 4   369.9690069 2.0908950e+06 
 4   369.9894400 2.0910334e+06 
 4   370.0098732 2.0909179e+06 
 4   370.0303065 2.0907915e+06 
 4   370.0507397 2.0908235e+06 
 4   370.0711728 2.0907008e+06 
 4   370.0916061 2.0905510e+06 
 4   370.1120393 2.0907039e+06 
 4   370.1529055 2.0905464e+06 
 4   370.1733388 2.0904951e+06 
 4   370.1937719 2.0904975e+06 
 4   370.2142051 2.0905831e+06 
 4   370.2346384 2.0906218e+06 
 4   370.2550715 2.0904891e+06 
 4   370.2755047 2.0904419e+06 
 4   370.2959380 2.0905181e+06 
 4   370.3368043 2.0906091e+06 
 4   370.3572375 2.0905012e+06 
 4   370.3776707 2.0905588e+06 
 4   370.3981039 2.0905975e+06 
 4   370.4185371 2.0905061e+06 
 4   370.4389703 2.0906021e+06 
 4   370.4594035 2.0905812e+06 
 4   370.4798366 2.0905599e+06 
 4   370.5002699 2.0905391e+06 
 4   370.5207031 2.0904548e+06 
 4   370.5411362 2.0905015e+06 
 4   370.5615695 2.0905412e+06 
 4   370.5820027 2.0903304e+06 
 4   370.6024359 2.0903809e+06 
 4   370.6228691 2.0902882e+06 
 4   370.6433023 2.0903771e+06 
 4   370.6637355 2.0902979e+06 
 4   370.6841686 2.0902711e+06 
 4   370.7046019 2.0902955e+06 
 4   370.7250351 2.0901324e+06 
 4   370.7454682 2.0902260e+06 
 4   370.7659015 2.0902389e+06 
 4   370.7863347 2.0902028e+06 
 4   370.8067678 2.0901624e+06 
 4   370.8272011 2.0903840e+06 
 4   370.8476343 2.0903166e+06 
 4   370.8680674 2.0901941e+06 
 4   370.8885007 2.0901864e+06 
 4   370.9089339 2.0903420e+06 
 4   370.9293671 2.0903445e+06 
 4   370.9498002 2.0903561e+06 
 4   370.9702335 2.0902465e+06 
 4   370.9906668 2.0904872e+06 
 4   371.0110999 2.0904391e+06 
 4   371.0315332 2.0903538e+06 
 4   371.0519664 2.0904784e+06 
 4   371.0723995 2.0905790e+06 
 4   371.0928328 2.0907052e+06 
 4   371.1132660 2.0907041e+06 
 4   371.1336991 2.0906588e+06 
 4   371.1541323 2.0907279e+06 
 4   371.1745656 2.0907978e+06 
 4   371.1949988 2.0908316e+06 
 4   371.2154320 2.0909315e+06 
 4   371.2358652 2.0909272e+06 
 4   371.2562984 2.0910342e+06 
 4   371.2971649 2.0909960e+06 
 4   371.3175980 2.0910845e+06 
 4   371.3380312 2.0912080e+06 
 4   371.3584646 2.0909671e+06 
 4   371.3788977 2.0910072e+06 
 4   371.3993309 2.0911054e+06 
 4   371.4197640 2.0911021e+06 
 4   371.4401973 2.0912399e+06 
 4   371.4606305 2.0911651e+06 
 4   371.4810638 2.0912432e+06 
 4   371.5014970 2.0911972e+06 
 4   371.5219302 2.0913088e+06 
 4   371.5423634 2.0912535e+06 
 4   371.5627966 2.0913722e+06 
 4   371.5832298 2.0914840e+06 
 4   371.6036631 2.0914802e+06 
 4   371.6240964 2.0915341e+06 
 4   371.6445295 2.0916480e+06 
 4   371.6649627 2.0914479e+06 
 4   371.6853958 2.0914285e+06 
 4   371.7058292 2.0916145e+06 
 4   371.7262624 2.0915302e+06 
 4   371.7466955 2.0916111e+06 
 4   371.7671288 2.0916030e+06 
 4   371.7875620 2.0916501e+06 
 4   371.8079953 2.0917759e+06 
 4   371.8284285 2.0917739e+06 
 4   371.8488617 2.0916969e+06 
 4   371.8692949 2.0917305e+06 
 4   371.8897282 2.0916049e+06 
 4   371.9101614 2.0916765e+06 
 4   371.9305946 2.0916841e+06 
 4   371.9510277 2.0916305e+06 
 4   371.9714611 2.0917675e+06 
 4   371.9918943 2.0917789e+06 
 4   372.0123274 2.0917765e+06 
 4   372.0327607 2.0918549e+06 
 4   372.0531940 2.0917891e+06 
 4   372.0736271 2.0919419e+06 
 4   372.0940604 2.0920651e+06 
 4   372.1144936 2.0917970e+06 
 4   372.1349268 2.0919476e+06 
 4   372.1553601 2.0919225e+06 
 4   372.1757933 2.0921054e+06 
 4   372.1962265 2.0920219e+06 
 4   372.2166597 2.0920870e+06 
 4   372.2370930 2.0921558e+06 
 4   372.2575262 2.0921076e+06 
 4   372.2779594 2.0920488e+06 
 4   372.2983927 2.0921459e+06 
 4   372.3188259 2.0921875e+06 
 4   372.3392591 2.0922108e+06 
 4   372.3596924 2.0922539e+06 
 4   372.3801256 2.0921508e+06 
 4   372.4005588 2.0923582e+06 
 4   372.4209920 2.0923209e+06 
 4   372.4414254 2.0922589e+06 
 4   372.4618585 2.0924256e+06 
 4   372.4822917 2.0922365e+06 
 4   372.5027251 2.0924214e+06 
 4   372.5231582 2.0923820e+06 
 4   372.5435914 2.0924505e+06 
 4   372.5640248 2.0923921e+06 
 4   372.5844579 2.0924098e+06 
 4   372.6048911 2.0923986e+06 
 4   372.6253245 2.0923300e+06 
 4   372.6457576 2.0923110e+06 
 4   372.6661909 2.0923371e+06 
 4   372.6866241 2.0922882e+06 
 4   372.7070573 2.0923850e+06 
 4   372.7274906 2.0923340e+06 
 4   372.7479238 2.0923499e+06 
 4   372.7683572 2.0923220e+06 
 4   372.7887903 2.0922944e+06 
 4   372.8092235 2.0921194e+06 
 4   372.8296568 2.0921762e+06 
 4   372.8500900 2.0921241e+06 
 4   372.8705233 2.0920412e+06 
 4   372.8909565 2.0920009e+06 
 4   372.9113897 2.0922196e+06 
 4   372.9318230 2.0921749e+06 
 4   372.9522561 2.0920246e+06 
 4   372.9726895 2.0919284e+06 
 4   372.9931226 2.0918205e+06 
 4   373.0135559 2.0918165e+06 
 4   373.0339892 2.0917719e+06 
 4   373.0544225 2.0918016e+06 
 4   373.0748556 2.0917998e+06 
 4   373.0952890 2.0917038e+06 
 4   373.1157222 2.0917450e+06 
 4   373.1361553 2.0919278e+06 
 4   373.1565887 2.0918344e+06 
 4   373.1770219 2.0917684e+06 
 4   373.1974551 2.0918720e+06 
 4   373.2178883 2.0917814e+06 
 4   373.2383217 2.0917380e+06 
 4   373.2791881 2.0918909e+06 
 4   373.3200547 2.0918558e+06 
 4   373.3404878 2.0918386e+06 
 4   373.3609212 2.0918551e+06 
 4   373.3813544 2.0918444e+06 
 4   373.4017876 2.0918266e+06 
 4   373.4222209 2.0918891e+06 
 4   373.4426542 2.0918254e+06 
 4   373.4630874 2.0918484e+06 
 4   373.4835206 2.0918181e+06 
 4   373.5039540 2.0916944e+06 
 4   373.5243871 2.0917370e+06 
 4   373.5448204 2.0917008e+06 
 4   373.5652537 2.0916208e+06 
 4   373.5856869 2.0916529e+06 
 4   373.6061201 2.0915999e+06 
 4   373.6265535 2.0915605e+06 
 4   373.6469867 2.0915582e+06 
 4   373.6674199 2.0916454e+06 
 4   373.6878533 2.0915322e+06 
 4   373.7082864 2.0917022e+06 
 4   373.7287197 2.0914109e+06 
 4   373.7491530 2.0914724e+06 
 4   373.7695862 2.0914234e+06 
 4   373.7900195 2.0913942e+06 
 4   373.8104526 2.0913842e+06 
 4   373.8308860 2.0913310e+06 
 4   373.8513192 2.0913940e+06 
 4   373.8717525 2.0913521e+06 
 4   373.9126190 2.0913692e+06 
 4   373.9330523 2.0915826e+06 
 4   373.9534855 2.0916200e+06 
 4   373.9739188 2.0917501e+06 
 4   373.9943521 2.0915722e+06 
 4   374.0147854 2.0916605e+06 
 4   374.0352186 2.0916632e+06 
 4   374.0556519 2.0915990e+06 
 4   374.0760852 2.0917726e+06 
 4   374.0965184 2.0916690e+06 
 4   374.1169517 2.0918404e+06 
 4   374.1373848 2.0918156e+06 
 4   374.1578182 2.0918668e+06 
 4   374.1782515 2.0919954e+06 
 4   374.1986847 2.0920944e+06 
 4   374.2191180 2.0919622e+06 
 4   374.2395513 2.0919112e+06 
 4   374.2599845 2.0918564e+06 
 4   374.2804178 2.0917559e+06 
 4   374.3008511 2.0919206e+06 
 4   374.3212843 2.0919225e+06 
 4   374.3417177 2.0918969e+06 
 4   374.3621509 2.0917818e+06 
 4   374.3825841 2.0918356e+06 
 4   374.4030175 2.0916110e+06 
 4   374.4234507 2.0917158e+06 
 4   374.4438840 2.0916026e+06 
 4   374.4643171 2.0916911e+06 
 4   374.4847505 2.0914445e+06 
 4   374.5051838 2.0914230e+06 
 4   374.5256170 2.0913724e+06 
 4   374.5460503 2.0912899e+06 
 4   374.5664836 2.0912446e+06 
 4   374.5869168 2.0911998e+06 
 4   374.6073501 2.0911801e+06 
 4   374.6277834 2.0909366e+06 
 4   374.6482166 2.0908568e+06 
 4   374.6686500 2.0908636e+06 
 4   374.6890832 2.0906868e+06 
 4   374.7095164 2.0907574e+06 
 4   374.7299498 2.0907368e+06 
 4   374.7503831 2.0907170e+06 
 4   374.7708162 2.0906629e+06 
 4   374.7912495 2.0907071e+06 
 4   374.8116829 2.0904251e+06 
 4   374.8321161 2.0905064e+06 
 4   374.8525494 2.0904134e+06 
 4   374.8729827 2.0902225e+06 
 4   374.8934160 2.0903392e+06 
 4   374.9138492 2.0903199e+06 
 4   374.9342826 2.0902501e+06 
 4   374.9547159 2.0901145e+06 
 4   374.9751490 2.0901215e+06 
 4   374.9955824 2.0901522e+06 
 4   375.0160157 2.0901630e+06 
 4   375.0364489 2.0902905e+06 
 4   375.0568823 2.0902605e+06 
 4   375.0773156 2.0903329e+06 
 4   375.0977487 2.0903872e+06 
 4   375.1181820 2.0904026e+06 
 4   375.1386154 2.0904505e+06 
 4   375.1590486 2.0904831e+06 
 4   375.1794819 2.0905764e+06 
 4   375.1999153 2.0904808e+06 
 4   375.2203486 2.0905981e+06 
 4   375.2407817 2.0906350e+06 
 4   375.2612151 2.0906248e+06 
 4   375.2816484 2.0906570e+06 
 4   375.3020816 2.0907590e+06 
 4   375.3225150 2.0908461e+06 
 4   375.3429482 2.0908292e+06 
 4   375.3633815 2.0910066e+06 
 4   375.3838149 2.0908008e+06 
 4   375.4042480 2.0909334e+06 
 4   375.4246813 2.0910140e+06 
 4   375.4451146 2.0910902e+06 
 4   375.4655479 2.0911029e+06 
 4   375.4859812 2.0910769e+06 
 4   375.5064145 2.0910714e+06 
 4   375.5268478 2.0910198e+06 
 4   375.5472811 2.0910482e+06 
 4   375.5677144 2.0910635e+06 
 4   375.5881478 2.0911638e+06 
 4   375.6085810 2.0909622e+06 
 4   375.6290143 2.0909418e+06 
 4   375.6494476 2.0908455e+06 
 4   375.6698808 2.0908321e+06 
 4   375.6903141 2.0909602e+06 
 4   375.7107475 2.0910205e+06 
 4   375.7311807 2.0909796e+06 
 4   375.7516140 2.0910326e+06 
 4   375.7720473 2.0910560e+06 
 4   375.7924806 2.0909059e+06 
 4   375.8129139 2.0909854e+06 
 4   375.8333472 2.0908482e+06 
 4   375.8537805 2.0907826e+06 
 4   375.8742138 2.0909476e+06 
 4   375.8946471 2.0908394e+06 
 4   375.9150805 2.0908679e+06 
 4   375.9355137 2.0907412e+06 
 4   375.9559470 2.0907964e+06 
 4   375.9763804 2.0908411e+06 
 4   375.9968136 2.0908540e+06 
 4   376.0172469 2.0907899e+06 
 4   376.0376803 2.0908061e+06 
 4   376.0581135 2.0908344e+06 
 4   376.0785468 2.0909568e+06 
 4   376.0989802 2.0909750e+06 
 4   376.1194134 2.0907145e+06 
 4   376.1398467 2.0908320e+06 
 4   376.1602800 2.0909166e+06 
 4   376.1807133 2.0908306e+06 
 4   376.2011466 2.0907354e+06 
 4   376.2215798 2.0909046e+06 
 4   376.2420132 2.0908691e+06 
 4   376.2624465 2.0908824e+06 
 4   376.3033132 2.0909385e+06 
 4   376.3237465 2.0909914e+06 
 4   376.3441797 2.0909918e+06 
 4   376.3646131 2.0910369e+06 
 4   376.3850464 2.0909545e+06 
 4   376.4054796 2.0909161e+06 
 4   376.4259130 2.0909906e+06 
 4   376.4463463 2.0909629e+06 
 4   376.4667796 2.0910151e+06 
 4   376.4872128 2.0911591e+06 
 4   376.5076462 2.0911854e+06 
 4   376.5280796 2.0911279e+06 
 4   376.5485128 2.0911729e+06 
 4   376.5689462 2.0911878e+06 
 4   376.5893795 2.0912735e+06 
 4   376.6098127 2.0911822e+06 
 4   376.6302461 2.0912462e+06 
 4   376.6506794 2.0913825e+06 
 4   376.6711126 2.0913935e+06 
 4   376.6915461 2.0916150e+06 
 4   376.7119794 2.0915904e+06 
 4   376.7324126 2.0917358e+06 
 4   376.7528460 2.0918246e+06 
 4   376.7732793 2.0918885e+06 
 4   376.7937126 2.0918438e+06 
 4   376.8141458 2.0917362e+06 
 4   376.8345793 2.0919805e+06 
 4   376.8550126 2.0920232e+06 
 4   376.8754458 2.0921034e+06 
 4   376.8958792 2.0922448e+06 
 4   376.9163125 2.0923086e+06 
 4   376.9367457 2.0921511e+06 
 4   376.9571792 2.0922518e+06 
 4   376.9776125 2.0922215e+06 
 4   376.9980457 2.0923068e+06 
 4   377.0184791 2.0923879e+06 
 4   377.0389124 2.0923172e+06 
 4   377.0593457 2.0923361e+06 
 4   377.0797791 2.0925498e+06 
 4   377.1002123 2.0923851e+06 
 4   377.1206456 2.0924499e+06 
 4   377.1410790 2.0925274e+06 
 4   377.1615124 2.0924190e+06 
 4   377.1819456 2.0925590e+06 
 4   377.2023789 2.0926625e+06 
 4   377.2228123 2.0925409e+06 
 4   377.2432456 2.0926575e+06 
 4   377.2636789 2.0927671e+06 
 4   377.2841123 2.0928944e+06 
 4   377.3045455 2.0930575e+06 
 4   377.3249789 2.0931908e+06 
 4   377.3454123 2.0930592e+06 
 4   377.3658455 2.0930072e+06 
 4   377.3862788 2.0930496e+06 
 4   377.4067123 2.0931099e+06 
 4   377.4271456 2.0930828e+06 
 4   377.4475788 2.0931096e+06 
 4   377.4680123 2.0929398e+06 
 4   377.4884456 2.0930471e+06 
 4   377.5088788 2.0929395e+06 
 4   377.5293121 2.0929609e+06 
 4   377.5497456 2.0930654e+06 
 4   377.5701788 2.0929570e+06 
 4   377.5906121 2.0930579e+06 
 4   377.6110456 2.0930180e+06 
 4   377.6314788 2.0930528e+06 
 4   377.6519121 2.0929810e+06 
 4   377.6723456 2.0928482e+06 
 4   377.6927788 2.0926686e+06 
 4   377.7132121 2.0927384e+06 
 4   377.7336456 2.0926694e+06 
 4   377.7540789 2.0925028e+06 
 4   377.7745121 2.0924565e+06 
 4   377.7949456 2.0924558e+06 
 4   377.8153788 2.0923986e+06 
 4   377.8358121 2.0924131e+06 
 4   377.8562455 2.0926166e+06 
 4   377.8766788 2.0924414e+06 
 4   377.8971121 2.0926212e+06 
 4   377.9175455 2.0924204e+06 
 4   377.9379788 2.0925932e+06 
 4   377.9584122 2.0925479e+06 
 4   377.9788454 2.0924945e+06 
 4   377.9992788 2.0925532e+06 
 4   378.0197122 2.0925398e+06 
 4   378.0401455 2.0924516e+06 
 4   378.0605788 2.0924631e+06 
 4   378.0810122 2.0924489e+06 
 4   378.1014455 2.0922971e+06 
 4   378.1218790 2.0923592e+06 
 4   378.1423122 2.0923625e+06 
 4   378.1627456 2.0923396e+06 
 4   378.1831790 2.0922714e+06 
 4   378.2036122 2.0922046e+06 
 4   378.2240456 2.0921750e+06 
 4   378.2444788 2.0921574e+06 
 4   378.2649123 2.0922918e+06 
 4   378.2853456 2.0923171e+06 
 4   378.3057790 2.0920290e+06 
 4   378.3262123 2.0921981e+06 
 4   378.3466456 2.0922742e+06 
 4   378.3670790 2.0921771e+06 
 4   378.3875123 2.0922172e+06 
 4   378.4079457 2.0920570e+06 
 4   378.4283790 2.0922074e+06 
 4   378.4488124 2.0921682e+06 
 4   378.4692457 2.0921639e+06 
 4   378.4896791 2.0921094e+06 
 4   378.5101125 2.0919985e+06 
 4   378.5305458 2.0919724e+06 
 4   378.5509791 2.0919031e+06 
 4   378.5714124 2.0918435e+06 
 4   378.5918458 2.0919040e+06 
 4   378.6122792 2.0919215e+06 
 4   378.6327125 2.0918156e+06 
 4   378.6531459 2.0917762e+06 
 4   378.6735792 2.0918056e+06 
 4   378.6940125 2.0917548e+06 
 4   378.7144459 2.0919485e+06 
 4   378.7348793 2.0917086e+06 
 4   378.7553125 2.0917904e+06 
 4   378.7757460 2.0916314e+06 
 4   378.7961793 2.0915634e+06 
 4   378.8166126 2.0915408e+06 
 4   378.8370460 2.0915322e+06 
 4   378.8574794 2.0915552e+06 
 4   378.8779126 2.0914928e+06 
 4   378.8983460 2.0914516e+06 
 4   378.9187795 2.0915546e+06 
 4   378.9392127 2.0914021e+06 
 4   378.9596461 2.0913978e+06 
 4   378.9800795 2.0912898e+06 
 4   379.0005129 2.0913838e+06 
 4   379.0209461 2.0913209e+06 
 4   379.0413796 2.0913259e+06 
 4   379.0618130 2.0914840e+06 
 4   379.0822462 2.0913808e+06 
 4   379.1026797 2.0914122e+06 
 4   379.1231130 2.0914335e+06 
 4   379.1435463 2.0913245e+06 
 4   379.1639798 2.0912418e+06 
 4   379.1844131 2.0912360e+06 
 4   379.2048464 2.0912354e+06 
 4   379.2252798 2.0913210e+06 
 4   379.2457132 2.0912361e+06 
 4   379.2865798 2.0912661e+06 
 4   379.3070133 2.0911745e+06 
 4   379.3274467 2.0910914e+06 
 4   379.3478799 2.0910005e+06 
 4   379.3683134 2.0910422e+06 
 4   379.3887468 2.0910272e+06 
 4   379.4091800 2.0909791e+06 
 4   379.4296135 2.0908919e+06 
 4   379.4500467 2.0909060e+06 
 4   379.4704801 2.0909624e+06 
 4   379.4909136 2.0908411e+06 
 4   379.5113468 2.0908629e+06 
 4   379.5317802 2.0908085e+06 
 4   379.5522137 2.0908410e+06 
 4   379.5726470 2.0907351e+06 
 4   379.5930803 2.0908238e+06 
 4   379.6135137 2.0906720e+06 
 4   379.6339471 2.0906182e+06 
 4   379.6543804 2.0904624e+06 
 4   379.6748138 2.0904304e+06 
 4   379.6952473 2.0903912e+06 
 4   379.7156805 2.0904194e+06 
 4   379.7361139 2.0904485e+06 
 4   379.7565474 2.0904228e+06 
 4   379.7769807 2.0905564e+06 
 4   379.7974140 2.0905966e+06 
 4   379.8178475 2.0906445e+06 
 4   379.8382808 2.0905332e+06 
 4   379.8587142 2.0906854e+06 
 4   379.8791476 2.0905982e+06 
 4   379.8995809 2.0906758e+06 
 4   379.9200143 2.0907290e+06 
 4   379.9404477 2.0907922e+06 
 4   379.9608810 2.0908940e+06 
 4   379.9813144 2.0908036e+06 
 4   380.0017478 2.0909382e+06 
 4   380.0221813 2.0911005e+06 
 4   380.0426145 2.0912041e+06 
 4   380.0630479 2.0910948e+06 
 4   380.0834814 2.0911644e+06 
 4   380.1039147 2.0910954e+06 
 4   380.1243480 2.0912256e+06 
 4   380.1447815 2.0911998e+06 
 4   380.1652148 2.0913458e+06 
 4   380.1856482 2.0912941e+06 
 4   380.2060816 2.0913778e+06 
 4   380.2265149 2.0915099e+06 
 4   380.2469483 2.0913954e+06 
 4   380.2673818 2.0916061e+06 
 4   380.2878151 2.0915195e+06 
 4   380.3082485 2.0915499e+06 
 4   380.3286818 2.0919919e+06 
 4   380.3491152 2.0917218e+06 
 4   380.3695486 2.0916384e+06 
 4   380.3899819 2.0916881e+06 
 4   380.4104154 2.0917898e+06 
 4   380.4308488 2.0916565e+06 
 4   380.4512821 2.0917729e+06 
 4   380.4717155 2.0916499e+06 
 4   380.4921489 2.0917050e+06 
 4   380.5125822 2.0919168e+06 
 4   380.5330157 2.0918780e+06 
 4   380.5534491 2.0917746e+06 
 4   380.5738825 2.0919155e+06 
 4   380.5943159 2.0919870e+06 
 4   380.6147493 2.0919346e+06 
 4   380.6351826 2.0918652e+06 
 4   380.6556160 2.0919908e+06 
 4   380.6760494 2.0920138e+06 
 4   380.6964828 2.0920509e+06 
 4   380.7169161 2.0920249e+06 
 4   380.7373496 2.0920411e+06 
 4   380.7577830 2.0920432e+06 
 4   380.7782163 2.0919676e+06 
 4   380.7986498 2.0919852e+06 
 4   380.8190832 2.0920470e+06 
 4   380.8395164 2.0920820e+06 
 4   380.8599499 2.0919974e+06 
 4   380.8803833 2.0919794e+06 
 4   380.9008167 2.0920032e+06 
 4   380.9212501 2.0918321e+06 
 4   380.9416835 2.0916128e+06 
 4   380.9621169 2.0916751e+06 
 4   380.9825503 2.0916611e+06 
 4   381.0029837 2.0916769e+06 
 4   381.0234171 2.0915165e+06 
 4   381.0438504 2.0914591e+06 
 4   381.0642839 2.0915062e+06 
 4   381.0847173 2.0916802e+06 
 4   381.1051506 2.0915618e+06 
 4   381.1255841 2.0915752e+06 
 4   381.1460175 2.0915239e+06 
 4   381.1664508 2.0914918e+06 
 4   381.1868843 2.0916576e+06 
 4   381.2073176 2.0915858e+06 
 4   381.2277510 2.0916496e+06 
 4   381.2481845 2.0914765e+06 
 4   381.2686179 2.0912845e+06 
 4   381.2890512 2.0912735e+06 
 4   381.3094847 2.0913930e+06 
 4   381.3299181 2.0913626e+06 
 4   381.3503514 2.0912900e+06 
 4   381.3707849 2.0912112e+06 
 4   381.3912183 2.0914475e+06 
 4   381.4116516 2.0912924e+06 
 4   381.4320850 2.0913234e+06 
 4   381.4729518 2.0910508e+06 
 4   381.4933852 2.0912251e+06 
 4   381.5138187 2.0911716e+06 
 4   381.5342520 2.0912141e+06 
 4   381.5546854 2.0910986e+06 
 4   381.5751189 2.0911689e+06 
 4   381.5955523 2.0910949e+06 
 4   381.6159857 2.0912912e+06 
 4   381.6364192 2.0912175e+06 
 4   381.6568526 2.0910778e+06 
 4   381.6772859 2.0911920e+06 
 4   381.6977194 2.0911051e+06 
 4   381.7181528 2.0909689e+06 
 4   381.7385861 2.0908779e+06 
 4   381.7590196 2.0907368e+06 
 4   381.7794530 2.0909514e+06 
 4   381.7998863 2.0908295e+06 
 4   381.8203197 2.0908110e+06 
 4   381.8407533 2.0907901e+06 
 4   381.8611866 2.0906502e+06 
 4   381.8816200 2.0905342e+06 
 4   381.9020535 2.0905036e+06 
 4   381.9224868 2.0905469e+06 
 4   381.9429202 2.0905928e+06 
 4   381.9633537 2.0905509e+06 
 4   381.9837871 2.0904494e+06 
 4   382.0042205 2.0905942e+06 
 4   382.0246540 2.0905941e+06 
 4   382.0450873 2.0906162e+06 
 4   382.0655207 2.0904988e+06 
 4   382.0859542 2.0904998e+06 
 4   382.1063875 2.0905326e+06 
 4   382.1268210 2.0906490e+06 
 4   382.1472544 2.0905134e+06 
 4   382.1676878 2.0905871e+06 
 4   382.1881212 2.0904918e+06 
 4   382.2085546 2.0906451e+06 
 4   382.2289881 2.0906071e+06 
 4   382.2698549 2.0906122e+06 
 4   382.2902884 2.0907242e+06 
 4   382.3107217 2.0907118e+06 
 4   382.3311552 2.0906948e+06 
 4   382.3515887 2.0908579e+06 
 4   382.3720220 2.0908970e+06 
 4   382.3924554 2.0908542e+06 
 4   382.4128889 2.0909375e+06 
 4   382.4333223 2.0909425e+06 
 4   382.4537557 2.0912096e+06 
 4   382.4741892 2.0911775e+06 
 4   382.4946225 2.0912844e+06 
 4   382.5150560 2.0913842e+06 
 4   382.5354894 2.0914509e+06 
 4   382.5559228 2.0915674e+06 
 4   382.5763562 2.0914758e+06 
 4   382.5967897 2.0916951e+06 
 4   382.6172232 2.0917892e+06 
 4   382.6376565 2.0917678e+06 
 4   382.6580899 2.0917898e+06 
 4   382.6785234 2.0918485e+06 
 4   382.6989568 2.0920015e+06 
 4   382.7193902 2.0920136e+06 
 4   382.7398237 2.0920750e+06 
 4   382.7602571 2.0921529e+06 
 4   382.7806905 2.0922678e+06 
 4   382.8011240 2.0922938e+06 
 4   382.8215574 2.0923152e+06 
 4   382.8419908 2.0922675e+06 
 4   382.8624241 2.0922804e+06 
 4   382.8828577 2.0922731e+06 
 4   382.9032911 2.0922095e+06 
 4   382.9237244 2.0923146e+06 
 4   382.9441580 2.0922626e+06 
 4   382.9645914 2.0923160e+06 
 4   382.9850247 2.0922779e+06 
 4   383.0054583 2.0923245e+06 
 4   383.0258917 2.0924028e+06 
 4   383.0463250 2.0922954e+06 
 4   383.0667586 2.0923281e+06 
 4   383.0871920 2.0922869e+06 
 4   383.1076254 2.0921694e+06 
 4   383.1280589 2.0923510e+06 
 4   383.1484923 2.0922101e+06 
 4   383.1689258 2.0922816e+06 
 4   383.1893592 2.0923796e+06 
 4   383.2097926 2.0923070e+06 
 4   383.2302261 2.0922799e+06 
 4   383.2506594 2.0923935e+06 
 4   383.2710930 2.0922428e+06 
 4   383.2915264 2.0923098e+06 
 4   383.3119597 2.0923995e+06 
 4   383.3528267 2.0923251e+06 
 4   383.3732601 2.0922926e+06 
 4   383.3936936 2.0923205e+06 
 4   383.4141270 2.0923046e+06 
 4   384.3131989 2.0917919e+06 
 4   384.3336322 2.0917629e+06 
 4   384.3540658 2.0917491e+06 
 4   384.3744991 2.0916544e+06 
 4   384.3949326 2.0916666e+06 
 4   384.4153661 2.0916608e+06 
 4   384.4357995 2.0916594e+06 
 4   384.4562330 2.0917792e+06 
 4   384.4766665 2.0916130e+06 
 4   384.4970999 2.0915939e+06 
 4   384.5175334 2.0918672e+06 
 4   384.5379668 2.0916229e+06 
 4   384.5584004 2.0914604e+06 
 4   384.5788338 2.0916562e+06 
 4   384.5992672 2.0916929e+06 
 4   384.6197008 2.0913360e+06 
 4   384.6401342 2.0916014e+06 
 4   384.6605676 2.0915836e+06 
 4   384.6810012 2.0916060e+06 
 4   384.7014346 2.0918301e+06 
 4   384.7218680 2.0915549e+06 
 4   384.7423015 2.0916341e+06 
 4   384.7627350 2.0917150e+06 
 4   384.7831684 2.0917162e+06 
 4   384.8036019 2.0916552e+06 
 4   384.8240355 2.0917012e+06 
 4   384.8444688 2.0916784e+06 
 4   384.8649023 2.0917345e+06 
 4   384.8853359 2.0917340e+06 
 4   384.9057693 2.0917872e+06 
 4   384.9262027 2.0917956e+06 
 4   384.9466363 2.0916851e+06 
 4   384.9670697 2.0917659e+06 
 4   384.9875031 2.0916885e+06 
 4   385.0079367 2.0917586e+06 
 4   385.0283701 2.0916748e+06 
 4   385.0488036 2.0917414e+06 
 4   385.0692371 2.0918011e+06 
 4   385.0896705 2.0916245e+06 
 4   385.1101040 2.0916560e+06 
 4   385.1305375 2.0916479e+06 
 4   385.1509710 2.0916886e+06 
 4   385.1714044 2.0917622e+06 
 4   385.1918378 2.0916969e+06 
 4   385.2122714 2.0917782e+06 
 4   385.2327048 2.0918309e+06 
 4   385.2531383 2.0916600e+06 
 4   385.2735718 2.0916964e+06 
 4   385.2940053 2.0916902e+06 
 4   385.3144387 2.0915962e+06 
 4   385.3348722 2.0916505e+06 
 4   385.3553057 2.0916461e+06 
 4   385.3757391 2.0916030e+06 
 4   385.3961727 2.0915329e+06 
 4   385.4166062 2.0915202e+06 
 4   385.4370396 2.0915670e+06 
 4   385.4574730 2.0916504e+06 
 4   385.4779066 2.0915135e+06 
 4   385.4983401 2.0916024e+06 
 4   385.5187735 2.0915540e+06 
 4   385.5392070 2.0915194e+06 
 4   385.5596405 2.0914518e+06 
 4   385.5800739 2.0914101e+06 
 4   385.6005075 2.0914716e+06 
 4   385.6209410 2.0914565e+06 
 4   385.6413744 2.0914864e+06 
 4   385.6618079 2.0914221e+06 
 4   385.6822414 2.0914050e+06 
 4   385.7026749 2.0913322e+06 
 4   385.7231084 2.0913966e+06 
 4   385.7435419 2.0916330e+06 
 4   385.7639754 2.0914650e+06 
 4   385.7844089 2.0914044e+06 
 4   385.8048424 2.0915914e+06 
 4   385.8252758 2.0914472e+06 
 4   385.8457092 2.0917316e+06 
 4   385.8661428 2.0916526e+06 
 4   385.8865763 2.0914785e+06 
 4   385.9070097 2.0915195e+06 
 4   385.9274433 2.0916150e+06 
 4   385.9478768 2.0914225e+06 
 4   385.9683102 2.0914662e+06 
 4   385.9887438 2.0914696e+06 
 4   386.0091773 2.0915579e+06 
 4   386.0296106 2.0915496e+06 
 4   386.0500442 2.0915962e+06 
 4   386.0704777 2.0916169e+06 
 4   386.0909111 2.0916031e+06 
 4   386.1113447 2.0915624e+06 
 4   386.1317782 2.0917262e+06 
 4   386.1522116 2.0916335e+06 
 4   386.1726452 2.0916249e+06 
 4   386.1930787 2.0915430e+06 
 4   386.2135121 2.0917771e+06 
 4   386.2339456 2.0915752e+06 
 4   386.2543792 2.0916232e+06 
 4   386.2748126 2.0916085e+06 
 4   386.2952461 2.0916681e+06 
 4   386.3361131 2.0918551e+06 
 4   386.3565466 2.0916926e+06 
 4   386.3769802 2.0915470e+06 
 4   386.3974137 2.0914595e+06 
 4   386.4178471 2.0915395e+06 
 4   386.4382807 2.0913246e+06 
 4   386.4587142 2.0914122e+06 
 4   386.4791476 2.0912330e+06 
 4   386.4995812 2.0911351e+06 
 4   386.5200147 2.0911399e+06 
 4   386.5404481 2.0910499e+06 
 4   386.5608817 2.0908981e+06 
 4   386.5813152 2.0908550e+06 
 4   386.6017486 2.0908478e+06 
 4   386.6221821 2.0908222e+06 
 4   386.6426157 2.0907699e+06 
 4   386.6630491 2.0907546e+06 
 4   386.6834826 2.0907975e+06 
 4   386.7039162 2.0908931e+06 
 4   386.7243497 2.0908816e+06 
 4   386.7447831 2.0908024e+06 
 4   386.7652167 2.0908329e+06 
 4   386.7856502 2.0909794e+06 
 4   386.8060836 2.0909241e+06 
 4   386.8265173 2.0908759e+06 
 4   386.8469507 2.0908594e+06 
 4   386.8673842 2.0908046e+06 
 4   386.8878178 2.0910471e+06 
 4   386.9082512 2.0909731e+06 
 4   386.9286847 2.0910748e+06 
 4   386.9491183 2.0909340e+06 
 4   386.9695517 2.0910021e+06 
 4   386.9899852 2.0910155e+06 
 4   387.0104187 2.0911066e+06 
 4   387.0308523 2.0910560e+06 
 4   387.0512858 2.0910495e+06 
 4   387.0717193 2.0910839e+06 
 4   387.0921529 2.0911769e+06 
 4   387.1125863 2.0911342e+06 
 4   387.1330198 2.0911560e+06 
 4   387.1534534 2.0911390e+06 
 4   387.1738868 2.0910892e+06 
 4   387.1943204 2.0911251e+06 
 4   387.2147540 2.0910596e+06 
 4   387.2351874 2.0909822e+06 
 4   387.2556209 2.0910330e+06 
 4   387.2760545 2.0910368e+06 
 4   387.2964879 2.0909671e+06 
 4   387.3169215 2.0909645e+06 
 4   387.3373550 2.0908381e+06 
 4   387.3577885 2.0909151e+06 
 4   387.3782220 2.0908925e+06 
 4   387.3986555 2.0908842e+06 
 4   387.4190891 2.0907090e+06 
 4   387.4395226 2.0909264e+06 
 4   387.4599561 2.0908466e+06 
 4   387.5008231 2.0907860e+06 
 4   387.5212566 2.0908005e+06 
 4   387.5416903 2.0906885e+06 
 4   387.5621237 2.0907310e+06 
 4   387.5825572 2.0906945e+06 
 4   387.6029907 2.0906716e+06 
 4   387.6234243 2.0907505e+06 
 4   387.6438578 2.0906332e+06 
 4   387.6642913 2.0906636e+06 
 4   387.7051584 2.0906832e+06 
 4   387.7255919 2.0906962e+06 
 4   387.7460254 2.0907571e+06 
 4   387.7664589 2.0907925e+06 
 4   387.7868924 2.0907309e+06 
 4   387.8073260 2.0907721e+06 
 4   387.8277595 2.0908641e+06 
 4   387.8481929 2.0908071e+06 
 4   387.8686266 2.0908178e+06 
 4   387.8890601 2.0908089e+06 
 4   387.9094935 2.0909574e+06 
 4   387.9299272 2.0909470e+06 
 4   387.9503607 2.0910169e+06 
 4   387.9707942 2.0910906e+06 
 4   387.9912277 2.0912168e+06 
 4   388.0116613 2.0912864e+06 
 4   388.0320948 2.0912052e+06 
 4   388.0525283 2.0914414e+06 
 4   388.0729619 2.0915236e+06 
 4   388.0933954 2.0915499e+06 
 4   388.1138290 2.0916474e+06 
 4   388.1342625 2.0915878e+06 
 4   388.1546960 2.0916552e+06 
 4   388.1751294 2.0915581e+06 
 4   388.1955631 2.0916589e+06 
 4   388.2159966 2.0917438e+06 
 4   388.2364301 2.0918182e+06 
 4   388.2568637 2.0919986e+06 
 4   388.2772972 2.0918385e+06 
 4   388.2977307 2.0918565e+06 
 4   388.3181643 2.0919858e+06 
 4   388.3385978 2.0919712e+06 
 4   388.3590314 2.0919152e+06 
 4   388.3794649 2.0921645e+06 
 4   388.3998984 2.0921185e+06 
 4   388.4203320 2.0921272e+06 
 4   388.4407655 2.0920836e+06 
 4   388.4611990 2.0920282e+06 
 4   388.4816325 2.0921680e+06 
 4   388.5020661 2.0920030e+06 
 4   388.5224997 2.0921520e+06 
 4   388.5429331 2.0921172e+06 
 4   388.5633666 2.0921556e+06 
 4   388.5838003 2.0921741e+06 
 4   388.6042337 2.0921796e+06 
 4   388.6246673 2.0921132e+06 
 4   388.6451009 2.0921729e+06 
 4   388.6655345 2.0922802e+06 
 4   388.6859679 2.0922568e+06 
 4   388.7064015 2.0923204e+06 
 4   388.7268351 2.0924212e+06 
 4   388.7472685 2.0923431e+06 
 4   388.7677022 2.0924209e+06 
 4   388.7881357 2.0925612e+06 
 4   388.8085692 2.0924151e+06 
 4   388.8290028 2.0925088e+06 
 4   388.8494364 2.0924219e+06 
 4   388.8698698 2.0924408e+06 
 4   388.8903035 2.0924574e+06 
 4   388.9107370 2.0925076e+06 
 4   388.9311706 2.0924834e+06 
 4   388.9516040 2.0924608e+06 
 4   388.9720377 2.0922698e+06 
 4   388.9924712 2.0923625e+06 
 4   389.0129047 2.0922440e+06 
 4   389.0333383 2.0923591e+06 
 4   389.0537719 2.0922482e+06 
 4   389.0742053 2.0921955e+06 
 4   389.0946390 2.0921888e+06 
 4   389.1150725 2.0920612e+06 
 4   389.1355060 2.0919841e+06 
 4   389.1559396 2.0921260e+06 
 4   389.1763732 2.0919670e+06 
 4   389.1968066 2.0918852e+06 
 4   389.2172403 2.0919048e+06 
 4   389.2376738 2.0918112e+06 
 4   389.2581073 2.0918491e+06 
 4   389.2785409 2.0917914e+06 
 4   389.3194079 2.0917254e+06 
 4   389.3398415 2.0916825e+06 
 4   389.3602752 2.0918539e+06 
 4   389.3807086 2.0917102e+06 
 4   389.4011422 2.0917469e+06 
 4   389.4215758 2.0916080e+06 
 4   389.4420093 2.0917220e+06 
 4   389.4624429 2.0917425e+06 
 4   389.4828765 2.0916751e+06 
 4   389.5033100 2.0917362e+06 
 4   389.5237435 2.0917460e+06 
 4   389.5441772 2.0916770e+06 
 4   389.5646106 2.0918611e+06 
 4   389.5850442 2.0918368e+06 
 4   389.6054779 2.0919658e+06 
 4   389.6259113 2.0918369e+06 
 4   389.6463449 2.0919241e+06 
 4   389.6667786 2.0919074e+06 
 4   389.6872121 2.0919562e+06 
 4   389.7076456 2.0919659e+06 
 4   389.7280791 2.0919164e+06 
 4   389.7485128 2.0919301e+06 
 4   389.7689463 2.0918328e+06 
 4   389.7893798 2.0918414e+06 
 4   389.8098135 2.0917740e+06 
 4   389.8302470 2.0918989e+06 
 4   389.8506805 2.0917976e+06 
 4   389.8711142 2.0918065e+06 
 4   389.8915477 2.0916788e+06 
 4   389.9119812 2.0916902e+06 
 4   389.9324149 2.0917354e+06 
 4   389.9528485 2.0915122e+06 
 4   389.9732819 2.0915699e+06 
 4   389.9937156 2.0914915e+06 
 4   390.0141492 2.0914182e+06 
 4   390.0345827 2.0912941e+06 
 4   390.0550163 2.0913600e+06 
 4   390.0754498 2.0912512e+06 
 4   390.0958834 2.0913001e+06 
 4   390.1163169 2.0911706e+06 
 4   390.1367505 2.0911968e+06 
 4   390.1571841 2.0910102e+06 
 4   390.1776176 2.0909251e+06 
 4   390.1980512 2.0911726e+06 
 4   390.2184848 2.0911811e+06 
 4   390.2389184 2.0912651e+06 
 4   390.2593519 2.0910142e+06 
 4   390.2797855 2.0910372e+06 
 4   390.3002191 2.0910699e+06 
 4   390.3206527 2.0910491e+06 
 4   390.3410862 2.0910254e+06 
 4   390.3615198 2.0909890e+06 
 4   390.3819535 2.0909964e+06 
 4   390.4023870 2.0909302e+06 
 4   390.4228205 2.0908549e+06 
 4   390.4432542 2.0909402e+06 
 4   390.4636877 2.0910224e+06 
 4   390.4841213 2.0909381e+06 
 4   390.5045550 2.0910199e+06 
 4   390.5249884 2.0909198e+06 
 4   390.5454220 2.0909579e+06 
 4   390.5658556 2.0909424e+06 
 4   390.5862892 2.0910368e+06 
 4   390.6067228 2.0910442e+06 
 4   390.6271563 2.0909470e+06 
 4   390.6475900 2.0907699e+06 
 4   390.6680235 2.0909398e+06 
 4   390.6884571 2.0909691e+06 
 4   390.7088908 2.0911241e+06 
 4   390.7293243 2.0911115e+06 
 4   390.7497578 2.0912125e+06 
 4   390.7701915 2.0911368e+06 
 4   390.7906250 2.0912500e+06 
 4   390.8110586 2.0913021e+06 
 4   390.8314922 2.0913682e+06 
 4   390.8519258 2.0911954e+06 
 4   390.8723593 2.0913324e+06 
 4   390.8927929 2.0911751e+06 
 4   390.9132265 2.0912565e+06 
 4   390.9336601 2.0913009e+06 
 4   390.9540936 2.0911202e+06 
 4   390.9745273 2.0911609e+06 
 4   390.9949609 2.0911838e+06 
 4   391.0153944 2.0911852e+06 
 4   391.0358280 2.0911839e+06 
 4   391.0562616 2.0912914e+06 
 4   391.0766951 2.0913306e+06 
 4   391.0971288 2.0913574e+06 
 4   391.1175624 2.0913286e+06 
 4   391.1379959 2.0914068e+06 
 4   391.1584296 2.0913685e+06 
 4   391.1788632 2.0914039e+06 
 4   391.1992967 2.0913785e+06 
 4   391.2197304 2.0914591e+06 
 4   391.2401640 2.0914564e+06 
 4   391.2605975 2.0915299e+06 
 4   391.2810311 2.0914539e+06 
 4   391.3014647 2.0914896e+06 
 4   391.3218983 2.0915318e+06 
 4   391.3423318 2.0916772e+06 
 4   391.3627655 2.0914861e+06 
 4   391.3831991 2.0917061e+06 
 4   391.4036326 2.0916666e+06 
 4   391.4240663 2.0916764e+06 
 4   391.4444999 2.0916800e+06 
 4   391.4649334 2.0917435e+06 
 4   391.4853671 2.0918212e+06 
 4   391.5058007 2.0917262e+06 
 4   391.5262343 2.0918101e+06 
 4   391.5466679 2.0918950e+06 
 4   391.5671015 2.0918119e+06 
 4   391.5875351 2.0917669e+06 
 4   391.6079687 2.0919304e+06 
 4   391.6284023 2.0917928e+06 
 4   391.6488359 2.0917662e+06 
 4   391.6692695 2.0918822e+06 
 4   391.6897031 2.0920406e+06 
 4   391.7101366 2.0920985e+06 
 4   391.7305702 2.0920508e+06 
 4   391.7510039 2.0919380e+06 
 4   391.7714374 2.0919216e+06 
 4   391.7918710 2.0920624e+06 
 4   391.8123047 2.0920666e+06 
 4   391.8327382 2.0922270e+06 
 4   391.8531718 2.0921801e+06 
 4   391.8736055 2.0920509e+06 
 4   391.8940391 2.0921256e+06 
 4   391.9144726 2.0920996e+06 
 4   391.9349063 2.0920235e+06 
 4   391.9553400 2.0920964e+06 
 4   391.9757735 2.0921766e+06 
 4   391.9962072 2.0920760e+06 
 4   392.0166408 2.0922855e+06 
 4   392.0370743 2.0924736e+06 
 4   392.0575080 2.0925239e+06 
 4   392.0779416 2.0921598e+06 
 4   392.0983751 2.0922869e+06 
 4   392.1188088 2.0922834e+06 
 4   392.1392424 2.0923249e+06 
 4   392.1596759 2.0924620e+06 
 4   392.1801096 2.0924565e+06 
 4   392.2005433 2.0923961e+06 
 4   392.2209769 2.0922481e+06 
 4   392.2414104 2.0921750e+06 
 4   392.2618441 2.0921870e+06 
 4   392.3027112 2.0922604e+06 
 4   392.3231449 2.0922984e+06 
 4   392.3435786 2.0922185e+06 
 4   392.3640121 2.0924444e+06 
 4   392.3844458 2.0923086e+06 
 4   392.4048794 2.0922296e+06 
 4   392.4253129 2.0923796e+06 
 4   392.4457466 2.0924251e+06 
 4   392.4661802 2.0924059e+06 
 4   392.4866138 2.0925430e+06 
 4   392.5070475 2.0925309e+06 
 4   392.5274810 2.0926455e+06 
 4   392.5479146 2.0927364e+06 
 4   392.5683482 2.0927764e+06 
 4   392.5887820 2.0927734e+06 
 4   392.6092155 2.0929459e+06 
 4   392.6296491 2.0930106e+06 
 4   392.6500828 2.0932822e+06 
 4   392.6705163 2.0932838e+06 
 4   392.6909500 2.0932889e+06 
 4   392.7113837 2.0932572e+06 
 4   392.7318172 2.0934232e+06 
 4   392.7522508 2.0934770e+06 
 4   392.7726845 2.0935098e+06 
 4   392.7931181 2.0936586e+06 
 4   392.8135517 2.0935742e+06 
 4   392.8339854 2.0934089e+06 
 4   392.8544189 2.0934572e+06 
 4   392.8748526 2.0933934e+06 
 4   392.8952863 2.0934642e+06 
 4   392.9157199 2.0934626e+06 
 4   392.9361534 2.0934898e+06 
 4   392.9565871 2.0935602e+06 
 4   392.9770208 2.0935724e+06 
 4   392.9974543 2.0934972e+06 
 4   393.0178879 2.0935666e+06 
 4   393.0383217 2.0935009e+06 
 4   393.0587552 2.0934101e+06 
 4   393.0791888 2.0934231e+06 
 4   393.0996226 2.0933754e+06 
 4   393.1200561 2.0934985e+06 
 4   393.1404897 2.0934624e+06 
 4   393.1609234 2.0935409e+06 
 4   393.1813570 2.0935755e+06 
 4   393.2017906 2.0933275e+06 
 4   393.2222243 2.0933595e+06 
 4   393.2426580 2.0931532e+06 
 4   393.2835252 2.0930058e+06 
 4   393.3039588 2.0928671e+06 
 4   393.3243924 2.0928460e+06 
 4   393.3448261 2.0928731e+06 
 4   393.3652597 2.0928835e+06 
 4   393.3856933 2.0928781e+06 
 4   393.4061269 2.0928208e+06 
 4   393.4265606 2.0927140e+06 
 4   393.4469942 2.0926012e+06 
 4   393.4674278 2.0926888e+06 
 4   393.4878615 2.0924210e+06 
 4   393.5082951 2.0923921e+06 
 4   393.5287288 2.0924166e+06 
 4   393.5491624 2.0923936e+06 
 4   393.5695960 2.0923942e+06 
 4   393.5900297 2.0922698e+06 
 4   393.6104634 2.0921766e+06 
 4   393.6308969 2.0921196e+06 
 4   393.6513306 2.0919839e+06 
 4   393.6717643 2.0919302e+06 
 4   393.6921979 2.0919785e+06 
 4   393.7126315 2.0919398e+06 
 4   393.7330652 2.0917935e+06 
 4   393.7534988 2.0918520e+06 
 4   393.7739324 2.0916874e+06 
 4   393.7943661 2.0915826e+06 
 4   393.8147997 2.0915221e+06 
 4   393.8352334 2.0914472e+06 
 4   393.8556670 2.0912124e+06 
 4   393.8761006 2.0911816e+06 
 4   393.8965343 2.0910881e+06 
 4   393.9169679 2.0910399e+06 
 4   393.9374017 2.0910175e+06 
 4   393.9578352 2.0909634e+06 
 4   393.9782689 2.0908036e+06 
 4   393.9987026 2.0907345e+06 
 4   394.0191362 2.0907128e+06 
 4   394.0395698 2.0907341e+06 
 4   394.0600034 2.0907695e+06 
 4   394.0804371 2.0905426e+06 
 4   394.1008707 2.0905674e+06 
 4   394.1213044 2.0906974e+06 
 4   394.1417380 2.0905160e+06 
 4   394.1621717 2.0905262e+06 
 4   394.1826052 2.0905631e+06 
 4   394.2030390 2.0905394e+06 
 4   394.2234726 2.0904245e+06 
 4   394.2439062 2.0903070e+06 
 4   394.2643399 2.0902416e+06 
 4   394.2847736 2.0902590e+06 
 4   394.3052071 2.0903064e+06 
 4   394.3256409 2.0901805e+06 
 4   394.3460746 2.0903094e+06 
 4   394.3665081 2.0902516e+06 
 4   394.3869419 2.0902186e+06 
 4   394.4073755 2.0899928e+06 
 4   394.4278091 2.0901980e+06 
 4   394.4482428 2.0901894e+06 
 4   394.4686765 2.0902431e+06 
 4   394.4891101 2.0901532e+06 
 4   394.5095438 2.0903125e+06 
 4   394.5299774 2.0900534e+06 
 4   394.5504111 2.0900121e+06 
 4   394.5708447 2.0901660e+06 
 4   394.5912784 2.0902448e+06 
 4   394.6117121 2.0899768e+06 
 4   394.6321456 2.0900048e+06 
 4   394.6525794 2.0900294e+06 
 4   394.6730130 2.0900848e+06 
 4   394.6934466 2.0900362e+06 
 4   394.7138804 2.0900119e+06 
 4   394.7343140 2.0899818e+06 
 4   394.7547477 2.0898178e+06 
 4   394.7751813 2.0897874e+06 
 4   394.7956150 2.0898848e+06 
 4   394.8160487 2.0898152e+06 
 4   394.8364823 2.0898266e+06 
 4   394.8569160 2.0897126e+06 
 4   394.8773497 2.0898364e+06 
 4   394.8977833 2.0897800e+06 
 4   394.9182170 2.0898242e+06 
 4   394.9386505 2.0897532e+06 
 4   394.9590843 2.0897472e+06 
 4   394.9795180 2.0898515e+06 
 4   394.9999515 2.0899258e+06 
 4   395.0203852 2.0897999e+06 
 4   395.0408190 2.0898208e+06 
 4   395.0612525 2.0899604e+06 
 4   395.0816862 2.0899695e+06 
 4   395.1021200 2.0899488e+06 
 4   395.1225535 2.0899794e+06 
 4   395.1429872 2.0902058e+06 
 4   395.1634210 2.0902700e+06 
 4   395.1838546 2.0903406e+06 
 4   395.2042882 2.0901992e+06 
 4   395.2247220 2.0904161e+06 
 4   395.2451557 2.0904749e+06 
 4   395.2860230 2.0905261e+06 
 4   395.3064567 2.0905032e+06 
 4   395.3268902 2.0906081e+06 
 4   395.3473240 2.0906311e+06 
 4   395.3677577 2.0908904e+06 
 4   395.3881913 2.0909712e+06 
 4   395.4086249 2.0909848e+06 
 4   395.4290587 2.0912062e+06 
 4   395.4494923 2.0913541e+06 
 4   395.4699259 2.0913384e+06 
 4   395.4903597 2.0915642e+06 
 4   395.5107934 2.0916085e+06 
 4   395.5312270 2.0916784e+06 
 4   395.5516608 2.0917260e+06 
 4   395.5720944 2.0917744e+06 
 4   395.5925280 2.0919350e+06 
 4   395.6129618 2.0919999e+06 
 4   395.6333955 2.0919159e+06 
 4   395.6538290 2.0920845e+06 
 4   395.6742628 2.0919634e+06 
 4   395.6946964 2.0918016e+06 
 4   395.7151301 2.0919349e+06 
 4   395.7355638 2.0920748e+06 
 4   395.7559974 2.0917855e+06 
 4   395.7764311 2.0917709e+06 
 4   395.7968648 2.0917468e+06 
 4   395.8172985 2.0918382e+06 
 4   395.8377322 2.0917545e+06 
 4   395.8581658 2.0916910e+06 
 4   395.8785996 2.0917285e+06 
 4   395.8990332 2.0919028e+06 
 4   395.9194669 2.0918940e+06 
 4   395.9399007 2.0919080e+06 
 4   395.9603342 2.0919672e+06 
 4   395.9807679 2.0917696e+06 
 4   396.0012017 2.0918526e+06 
 4   396.0216353 2.0919881e+06 
 4   396.0420690 2.0919736e+06 
 4   396.0625028 2.0918552e+06 
 4   396.0829364 2.0918708e+06 
 4   396.1033700 2.0920002e+06 
 4   396.1238038 2.0919064e+06 
 4   396.1442374 2.0920430e+06 
 4   396.1646711 2.0920531e+06 
 4   396.1851048 2.0918424e+06 
 4   396.2055386 2.0920312e+06 
 4   396.2259722 2.0919894e+06 
 4   396.2464059 2.0922090e+06 
 4   396.2668396 2.0921826e+06 
 4   396.2872732 2.0922339e+06 
 4   396.3077069 2.0922822e+06 
 4   396.3281407 2.0922705e+06 
 4   396.3485743 2.0922475e+06 
 4   396.3690080 2.0921535e+06 
 4   396.3894418 2.0922704e+06 
 4   396.4098754 2.0923876e+06 
 4   396.4303091 2.0922880e+06 
 4   396.4507429 2.0923998e+06 
 4   396.4711766 2.0924316e+06 
 4   396.4916102 2.0924240e+06 
 4   396.5120439 2.0925906e+06 
 4   396.5324775 2.0924298e+06 
 4   396.5529112 2.0924831e+06 
 4   396.5733450 2.0923946e+06 
 4   396.5937786 2.0925082e+06 
 4   396.6142123 2.0923971e+06 
 4   396.6346459 2.0924001e+06 
 4   396.6550797 2.0922982e+06 
 4   396.6755134 2.0922428e+06 
 4   396.6959471 2.0923685e+06 
 4   396.7163808 2.0922929e+06 
 4   396.7368145 2.0921490e+06 
 4   396.7572482 2.0922195e+06 
 4   396.7776819 2.0921250e+06 
 4   396.7981156 2.0919715e+06 
 4   396.8185493 2.0917854e+06 
 4   396.8389831 2.0916862e+06 
 4   400.8235634 2.0921692e+06 
 4   400.8439971 2.0921174e+06 
 4   400.8644309 2.0923516e+06 
 4   400.8848647 2.0924068e+06 
 4   400.9052984 2.0923166e+06 
 4   400.9257322 2.0923141e+06 
 4   400.9461661 2.0924028e+06 
 4   400.9665997 2.0924002e+06 
 4   401.0074673 2.0923212e+06 
 4   401.0279011 2.0923198e+06 
 4   401.0483349 2.0923629e+06 
 4   401.0687687 2.0923344e+06 
 4   401.0892024 2.0924424e+06 
 4   401.1096362 2.0923850e+06 
 4   401.1300701 2.0922850e+06 
 4   401.1505038 2.0922974e+06 
 4   401.1709375 2.0924434e+06 
 4   401.1913712 2.0923820e+06 
 4   401.2118051 2.0923182e+06 
 4   401.2322389 2.0924291e+06 
 4   401.2526726 2.0921814e+06 
 4   401.2731065 2.0923656e+06 
 4   401.2935403 2.0922221e+06 
 4   401.3139740 2.0921866e+06 
 4   401.3344078 2.0923881e+06 
 4   401.3548416 2.0924292e+06 
 4   401.3752754 2.0923112e+06 
 4   401.3957093 2.0923598e+06 
 4   401.4161430 2.0923584e+06 
 4   401.4365768 2.0922706e+06 
 4   401.4570106 2.0922646e+06 
 4   401.4774443 2.0921439e+06 
 4   401.4978781 2.0921701e+06 
 4   401.5183120 2.0920369e+06 
 4   401.5387457 2.0920796e+06 
 4   401.5591795 2.0921391e+06 
 4   401.5796133 2.0921479e+06 
 4   401.6000471 2.0920879e+06 
 4   401.6204809 2.0922118e+06 
 4   401.6409146 2.0922232e+06 
 4   401.6613484 2.0923074e+06 
 4   401.6817822 2.0922368e+06 
 4   401.7022160 2.0921938e+06 
 4   401.7226498 2.0923176e+06 
 4   401.7430836 2.0921719e+06 
 4   401.7635174 2.0921835e+06 
 4   401.7839512 2.0923130e+06 
 4   401.8043850 2.0922070e+06 
 4   401.8248188 2.0922482e+06 
 4   401.8452526 2.0922855e+06 
 4   401.8656864 2.0921961e+06 
 4   401.8861201 2.0921722e+06 
 4   401.9065540 2.0921299e+06 
 4   401.9269878 2.0920640e+06 
 4   401.9474216 2.0919415e+06 
 4   401.9678553 2.0920015e+06 
 4   401.9882892 2.0918914e+06 
 4   402.0087230 2.0919382e+06 
 4   402.0291567 2.0919159e+06 
 4   402.0495906 2.0920471e+06 
 4   402.0700244 2.0918906e+06 
 4   402.0904581 2.0917786e+06 
 4   402.1108920 2.0917216e+06 
 4   402.1313258 2.0917250e+06 
 4   402.1517595 2.0915182e+06 
 4   402.1721934 2.0916041e+06 
 4   402.2130609 2.0913971e+06 
 4   402.2334948 2.0912365e+06 
 4   402.2539286 2.0910964e+06 
 4   402.2743624 2.0912052e+06 
 4   402.2947962 2.0910170e+06 
 4   402.3152300 2.0910384e+06 
 4   402.3356638 2.0909356e+06 
 4   402.3560975 2.0908861e+06 
 4   402.3765314 2.0907695e+06 
 4   402.3969652 2.0907345e+06 
 4   402.4173989 2.0905699e+06 
 4   402.4378328 2.0906025e+06 
 4   402.4582666 2.0905959e+06 
 4   402.4787003 2.0904311e+06 
 4   402.4991342 2.0903461e+06 
 4   402.5195680 2.0904070e+06 
 4   402.5400017 2.0904020e+06 
 4   402.5604356 2.0903549e+06 
 4   402.6013032 2.0903571e+06 
 4   402.6217371 2.0902908e+06 
 4   402.6421709 2.0902906e+06 
 4   402.6626046 2.0903382e+06 
 4   402.6830385 2.0903982e+06 
 4   402.7034723 2.0905018e+06 
 4   402.7239060 2.0904581e+06 
 4   402.7443398 2.0903966e+06 
 4   402.7647738 2.0904941e+06 
 4   402.7852075 2.0906071e+06 
 4   402.8056413 2.0905102e+06 
 4   402.8260752 2.0904868e+06 
 4   402.8465089 2.0904379e+06 
 4   402.8669427 2.0905861e+06 
 4   402.8873766 2.0907316e+06 
 4   402.9078103 2.0908129e+06 
 4   402.9282442 2.0908265e+06 
 4   402.9486781 2.0909449e+06 
 4   402.9691119 2.0909594e+06 
 4   402.9895456 2.0909068e+06 
 4   403.0099795 2.0908576e+06 
 4   403.0304133 2.0910361e+06 
 4   403.0508471 2.0909489e+06 
 4   403.0712810 2.0908525e+06 
 4   403.0917148 2.0908846e+06 
 4   403.1121485 2.0907601e+06 
 4   403.1325823 2.0907655e+06 
 4   403.1530163 2.0908920e+06 
 4   403.1734500 2.0908380e+06 
 4   403.1938838 2.0908289e+06 
 4   403.2143177 2.0908194e+06 
 4   403.2347514 2.0907725e+06 
 4   403.2551853 2.0907969e+06 
 4   403.2756192 2.0906436e+06 
 4   403.2960530 2.0907781e+06 
 4   403.3164867 2.0907882e+06 
 4   403.3369207 2.0907808e+06 
 4   403.3573544 2.0908158e+06 
 4   403.3777882 2.0907418e+06 
 4   403.3982221 2.0907731e+06 
 4   403.4186558 2.0908186e+06 
 4   403.4390897 2.0907748e+06 
 4   403.4595235 2.0908906e+06 
 4   403.4799573 2.0908461e+06 
 4   403.5003911 2.0908442e+06 
 4   403.5208250 2.0908320e+06 
 4   403.5412588 2.0908821e+06 
 4   403.5616926 2.0908762e+06 
 4   403.5821265 2.0908178e+06 
 4   403.6025603 2.0907975e+06 
 4   403.6229941 2.0908211e+06 
 4   403.6434279 2.0908134e+06 
 4   403.6638619 2.0909685e+06 
 4   403.6842956 2.0908661e+06 
 4   403.7047294 2.0909308e+06 
 4   403.7251634 2.0907534e+06 
 4   403.7455971 2.0909304e+06 
 4   403.7660309 2.0908981e+06 
 4   403.7864648 2.0908482e+06 
 4   403.8068986 2.0906162e+06 
 4   403.8273324 2.0906595e+06 
 4   403.8477662 2.0906328e+06 
 4   403.8682001 2.0906432e+06 
 4   403.8886339 2.0905500e+06 
 4   403.9090677 2.0906829e+06 
 4   403.9295016 2.0905869e+06 
 4   403.9499354 2.0905294e+06 
 4   403.9703692 2.0906048e+06 
 4   403.9908032 2.0906039e+06 
 4   404.0112369 2.0906636e+06 
 4   404.0316708 2.0905972e+06 
 4   404.0521047 2.0906691e+06 
 4   404.0725384 2.0908036e+06 
 4   404.0929723 2.0908212e+06 
 4   404.1134061 2.0907729e+06 
 4   404.1338399 2.0907854e+06 
 4   404.1542738 2.0908054e+06 
 4   404.1747076 2.0906042e+06 
 4   404.1951415 2.0906922e+06 
 4   404.2155753 2.0906449e+06 
 4   404.2360090 2.0908448e+06 
 4   404.2564430 2.0910495e+06 
 4   404.2768768 2.0909435e+06 
 4   404.2973106 2.0909775e+06 
 4   404.3177445 2.0908519e+06 
 4   404.3381783 2.0907501e+06 
 4   404.3586121 2.0910508e+06 
 4   404.3790460 2.0910502e+06 
 4   404.3994799 2.0909920e+06 
 4   404.4199136 2.0911018e+06 
 4   404.4403475 2.0911854e+06 
 4   404.4607814 2.0911889e+06 
 4   404.4812151 2.0911664e+06 
 4   404.5016491 2.0911665e+06 
 4   404.5220829 2.0912819e+06 
 4   404.5425168 2.0911922e+06 
 4   404.5833845 2.0913806e+06 
 4   404.6038183 2.0912439e+06 
 4   404.6242521 2.0913398e+06 
 4   404.6446860 2.0914259e+06 
 4   404.6651198 2.0914875e+06 
 4   404.6855536 2.0915389e+06 
 4   404.7059875 2.0916502e+06 
 4   404.7264214 2.0917085e+06 
 4   404.7468551 2.0917422e+06 
 4   404.7672891 2.0917896e+06 
 4   404.7877229 2.0919231e+06 
 4   404.8081568 2.0919951e+06 
 4   404.8285906 2.0919939e+06 
 4   404.8490245 2.0918926e+06 
 4   404.8694583 2.0921194e+06 
 4   404.8898922 2.0920390e+06 
 4   404.9103260 2.0921526e+06 
 4   404.9307599 2.0921378e+06 
 4   404.9511937 2.0921692e+06 
 4   404.9716276 2.0920715e+06 
 4   404.9920614 2.0923144e+06 
 4   405.0124952 2.0921972e+06 
 4   405.0329292 2.0921445e+06 
 4   405.0533630 2.0922392e+06 
 4   405.0737968 2.0921702e+06 
 4   405.0942307 2.0921465e+06 
 4   405.1146645 2.0922626e+06 
 4   405.1350983 2.0922145e+06 
 4   405.1555323 2.0923008e+06 
 4   405.1963999 2.0923521e+06 
 4   405.2168339 2.0924781e+06 
 4   405.2372677 2.0922362e+06 
 4   405.2577015 2.0922608e+06 
 4   405.2781353 2.0923560e+06 
 4   405.2985693 2.0923040e+06 
 4   405.3190031 2.0923402e+06 
 4   405.3394369 2.0923098e+06 
 4   405.3598709 2.0922714e+06 
 4   405.3803046 2.0921621e+06 
 4   405.4007385 2.0920289e+06 
 4   405.4211725 2.0921320e+06 
 4   405.4416062 2.0921601e+06 
 4   405.4620401 2.0921520e+06 
 4   405.4824741 2.0921686e+06 
 4   405.5029078 2.0920895e+06 
 4   405.5233417 2.0919274e+06 
 4   405.5437756 2.0921430e+06 
 4   405.5642095 2.0919762e+06 
 4   405.5846433 2.0918289e+06 
 4   405.6050772 2.0918442e+06 
 4   405.6255111 2.0918279e+06 
 4   405.6459449 2.0918134e+06 
 4   405.6663787 2.0917388e+06 
 4   405.6868127 2.0917032e+06 
 4   405.7072465 2.0917365e+06 
 4   405.7276803 2.0918132e+06 
 4   405.7481143 2.0918410e+06 
 4   405.7685481 2.0919779e+06 
 4   405.7889819 2.0919525e+06 
 4   405.8094159 2.0918742e+06 
 4   405.8298497 2.0917948e+06 
 4   405.8502835 2.0919731e+06 
 4   405.8707174 2.0919674e+06 
 4   405.8911513 2.0919698e+06 
 4   405.9115852 2.0920688e+06 
 4   405.9320191 2.0919209e+06 
 4   405.9524529 2.0920121e+06 
 4   405.9728868 2.0920496e+06 
 4   405.9933207 2.0920562e+06 
 4   406.0137545 2.0921772e+06 
 4   406.0341884 2.0920282e+06 
 4   406.0546223 2.0920915e+06 
 4   406.0750561 2.0920319e+06 
 4   406.0954900 2.0921851e+06 
 4   406.1159239 2.0922926e+06 
 4   406.1363578 2.0922180e+06 
 4   406.1567916 2.0922779e+06 
 4   406.1772255 2.0922165e+06 
 4   406.1976594 2.0921490e+06 
 4   406.2180933 2.0920222e+06 
 4   406.2385271 2.0920849e+06 
 4   406.2589611 2.0920488e+06 
 4   406.2793949 2.0921048e+06 
 4   406.2998288 2.0920505e+06 
 4   406.3202627 2.0920574e+06 
 4   406.3406965 2.0920091e+06 
 4   406.3611304 2.0918921e+06 
 4   406.3815643 2.0919074e+06 
 4   406.4019982 2.0919560e+06 
 4   406.4224320 2.0919788e+06 
 4   406.4428659 2.0917744e+06 
 4   406.4632998 2.0918272e+06 
 4   406.4837337 2.0918184e+06 
 4   406.5041676 2.0918864e+06 
 4   406.5246015 2.0917540e+06 
 4   406.5450353 2.0918126e+06 
 4   406.5654692 2.0916895e+06 
 4   406.5859031 2.0917818e+06 
 4   406.6063370 2.0915860e+06 
 4   406.6267709 2.0917384e+06 
 4   406.6472047 2.0916114e+06 
 4   406.6676386 2.0916809e+06 
 4   406.6880725 2.0916432e+06 
 4   406.7085064 2.0914661e+06 
 4   406.7289403 2.0913208e+06 
 4   406.7493742 2.0914755e+06 
 4   406.7698079 2.0913556e+06 
 4   406.7902419 2.0912295e+06 
 4   406.8106758 2.0912884e+06 
 4   406.8311096 2.0911530e+06 
 4   406.8515436 2.0911932e+06 
 4   406.8719775 2.0910955e+06 
 4   406.8924113 2.0910390e+06 
 4   406.9128453 2.0908422e+06 
 4   406.9332792 2.0910636e+06 
 4   406.9537129 2.0908289e+06 
 4   406.9741469 2.0906650e+06 
 4   406.9945808 2.0907146e+06 
 4   407.0150146 2.0906952e+06 
 4   407.0354486 2.0907850e+06 
 4   407.0558825 2.0906872e+06 
 4   407.0763163 2.0905742e+06 
 4   407.0967503 2.0906258e+06 
 4   407.1171842 2.0906874e+06 
 4   407.1376181 2.0905754e+06 
 4   407.1580519 2.0907525e+06 
 4   407.1784858 2.0906590e+06 
 4   407.1989197 2.0907504e+06 
 4   407.2193535 2.0905994e+06 
 4   407.2397875 2.0906025e+06 
 4   407.2602214 2.0905662e+06 
 4   407.2806552 2.0906769e+06 
 4   407.3010892 2.0904560e+06 
 4   407.3215231 2.0905146e+06 
 4   407.3419569 2.0905461e+06 
 4   407.3623909 2.0904951e+06 
 4   407.3828248 2.0905058e+06 
 4   407.4032587 2.0905118e+06 
 4   407.4236926 2.0904612e+06 
 4   407.4441265 2.0904952e+06 
 4   407.4645603 2.0905394e+06 
 4   407.4849943 2.0905179e+06 
 4   407.5054282 2.0908082e+06 
 4   407.5258620 2.0905342e+06 
 4   407.5462959 2.0906311e+06 
 4   407.5667299 2.0905179e+06 
 4   407.5871637 2.0904236e+06 
 4   407.6075976 2.0905814e+06 
 4   407.6280316 2.0905855e+06 
 4   407.6484654 2.0906661e+06 
 4   407.6688993 2.0905218e+06 
 4   407.6893333 2.0904228e+06 
 4   407.7097671 2.0904250e+06 
 4   407.7302010 2.0905681e+06 
 4   407.7506350 2.0903631e+06 
 4   407.7710689 2.0904180e+06 
 4   407.7915027 2.0904646e+06 
 4   407.8119367 2.0904206e+06 
 4   407.8323706 2.0906402e+06 
 4   407.8528044 2.0904390e+06 
 4   407.8732384 2.0906418e+06 
 4   407.8936724 2.0904676e+06 
 4   407.9141062 2.0904158e+06 
 4   407.9345401 2.0904401e+06 
 4   407.9549741 2.0904685e+06 
 4   407.9754079 2.0904782e+06 
 4   407.9958418 2.0903446e+06 
 4   408.0162758 2.0903382e+06 
 4   408.0367096 2.0903161e+06 
 4   408.0571435 2.0904244e+06 
 4   408.0775775 2.0904628e+06 
 4   408.0980114 2.0903985e+06 
 4   408.1184453 2.0902961e+06 
 4   408.1388793 2.0903150e+06 
 4   408.1797470 2.0905524e+06 
 4   408.2001810 2.0904672e+06 
 4   408.2206149 2.0903736e+06 
 4   408.2410487 2.0905190e+06 
 4   408.2614827 2.0907011e+06 
 4   408.2819165 2.0907446e+06 
 4   408.3023505 2.0905206e+06 
 4   408.3227844 2.0905336e+06 
 4   408.3432183 2.0905596e+06 
 4   408.3636522 2.0907124e+06 
 4   408.3840861 2.0907611e+06 
 4   408.4045200 2.0906118e+06 
 4   408.4249540 2.0905948e+06 
 4   408.4453879 2.0907614e+06 
 4   408.4658219 2.0907598e+06 
 4   408.4862557 2.0908095e+06 
 4   408.5066896 2.0908781e+06 
 4   408.5271236 2.0908272e+06 
 4   408.5475575 2.0909411e+06 
 4   408.5679914 2.0909884e+06 
 4   408.5884254 2.0910281e+06 
 4   408.6088592 2.0909726e+06 
 4   408.6292931 2.0908822e+06 
 4   408.6497272 2.0907056e+06 
 4   408.6701610 2.0906911e+06 
 4   408.6905949 2.0906976e+06 
 4   408.7110288 2.0906891e+06 
 4   408.7314627 2.0906988e+06 
 4   408.7518967 2.0905920e+06 
 4   408.7723306 2.0906539e+06 
 4   408.7927646 2.0907148e+06 
 4   408.8131984 2.0907384e+06 
 4   408.8336324 2.0908362e+06 
 4   408.8540664 2.0907889e+06 
 4   408.8745002 2.0908745e+06 
 4   408.8949341 2.0910426e+06 
 4   408.9153681 2.0910234e+06 
 4   408.9358020 2.0910961e+06 
 4   408.9562359 2.0909610e+06 
 4   408.9766699 2.0909600e+06 
 4   408.9971038 2.0909861e+06 
 4   409.0175377 2.0910069e+06 
 4   409.0379716 2.0912544e+06 
 4   409.0584055 2.0914099e+06 
 4   409.0788395 2.0915441e+06 
 4   409.0992733 2.0915595e+06 
 4   409.1197073 2.0916836e+06 
 4   409.1401412 2.0917806e+06 
 4   409.1605751 2.0918759e+06 
 4   409.1810091 2.0920090e+06 
 4   409.2014430 2.0920792e+06 
 4   409.2218769 2.0921096e+06 
 4   409.2423109 2.0922366e+06 
 4   409.2627448 2.0923832e+06 
 4   409.2831787 2.0924190e+06 
 4   409.3036127 2.0925406e+06 
 4   409.3240466 2.0925668e+06 
 4   409.3444806 2.0926214e+06 
 4   409.3649145 2.0925532e+06 
 4   409.3853484 2.0925674e+06 
 4   409.4057824 2.0927114e+06 
 4   409.4262162 2.0926300e+06 
 4   409.4466502 2.0927099e+06 
 4   409.4670842 2.0926582e+06 
 4   409.4875180 2.0925642e+06 
 4   409.5079520 2.0927158e+06 
 4   409.5283860 2.0927171e+06 
 4   409.5488198 2.0926536e+06 
 4   409.5692538 2.0926011e+06 
 4   409.5896878 2.0926256e+06 
 4   409.6101216 2.0927086e+06 
 4   409.6305557 2.0926830e+06 
 4   409.6509896 2.0926056e+06 
 4   409.6714235 2.0927250e+06 
 4   409.6918575 2.0925911e+06 
 4   409.7122914 2.0927679e+06 
 4   409.7327253 2.0927510e+06 
 4   409.7531593 2.0927758e+06 
 4   409.7735932 2.0928301e+06 
 4   409.7940272 2.0928746e+06 
 4   409.8144610 2.0928335e+06 
 4   409.8348950 2.0927055e+06 
 4   409.8553290 2.0927654e+06 
 4   409.8757628 2.0927564e+06 
 4   409.8961969 2.0925545e+06 
 4   409.9166308 2.0925125e+06 
 4   409.9370647 2.0925179e+06 
 4   409.9574987 2.0925015e+06 
 4   409.9779325 2.0924614e+06 
 4   409.9983665 2.0924776e+06 
 4   410.0188005 2.0925862e+06 
 4   410.0392345 2.0925762e+06 
 4   410.0596683 2.0925219e+06 
 4   410.0801024 2.0925595e+06 
 4   410.1005363 2.0925815e+06 
 4   410.1209702 2.0925956e+06 
 4   410.1414042 2.0924280e+06 
 4   410.1618382 2.0922850e+06 
 4   410.1822720 2.0924092e+06 
 4   410.2027060 2.0922119e+06 
 4   410.2231400 2.0921804e+06 
 4   410.2435739 2.0921769e+06 
 4   410.2640078 2.0921360e+06 
 4   410.2844419 2.0920305e+06 
 4   410.3048757 2.0918886e+06 
 4   410.3253097 2.0917944e+06 
 4   410.3457437 2.0916411e+06 
 4   410.3661777 2.0917184e+06 
 4   410.3866115 2.0917019e+06 
 4   410.4070456 2.0915874e+06 
 4   410.4274795 2.0916042e+06 
 4   410.4479134 2.0916762e+06 
 4   410.4683474 2.0914784e+06 
 4   410.4887814 2.0915654e+06 
 4   410.5092152 2.0915542e+06 
 4   410.5296493 2.0915978e+06 
 4   410.5500832 2.0916072e+06 
 4   410.5705171 2.0915171e+06 
 4   410.5909510 2.0916916e+06 
 4   410.6113851 2.0915746e+06 
 4   410.6318190 2.0915282e+06 
 4   410.6522529 2.0916141e+06 
 4   410.6726870 2.0915185e+06 
 4   410.6931209 2.0914385e+06 
 4   410.7135548 2.0914470e+06 
 4   410.7339888 2.0912244e+06 
 4   410.7544227 2.0911666e+06 
 4   410.7748566 2.0910815e+06 
 4   410.7952907 2.0910905e+06 
 4   410.8157246 2.0911601e+06 
 4   410.8361585 2.0911454e+06 
 4   410.8565926 2.0909915e+06 
 4   410.8770264 2.0909089e+06 
 4   410.8974604 2.0909336e+06 
 4   410.9178945 2.0908641e+06 
 4   410.9383283 2.0907872e+06 
 4   410.9587623 2.0909200e+06 
 4   410.9791963 2.0907689e+06 
 4   410.9996302 2.0907085e+06 
 4   411.0200642 2.0908099e+06 
 4   411.0404981 2.0908815e+06 
 4   411.0609322 2.0907016e+06 
 4   411.0813661 2.0907262e+06 
 4   411.1018000 2.0907722e+06 
 4   411.1222341 2.0907781e+06 
 4   411.1631019 2.0906990e+06 
 4   411.1835360 2.0907022e+06 
 4   411.2039698 2.0907689e+06 
 4   411.2244038 2.0909970e+06 
 4   411.2448379 2.0908599e+06 
 4   411.2652717 2.0909961e+06 
 4   411.2857057 2.0910562e+06 
 4   411.3061398 2.0911539e+06 
 4   411.3265736 2.0912864e+06 
 4   411.3470076 2.0912991e+06 
 4   411.3674416 2.0913142e+06 
 4   411.3878757 2.0913984e+06 
 4   411.4083095 2.0914585e+06 
 4   411.4287435 2.0914621e+06 
 4   411.4491776 2.0915148e+06 
 4   411.4696114 2.0915269e+06 
 4   411.4900454 2.0916859e+06 
 4   411.5104794 2.0916419e+06 
 4   411.5309133 2.0917068e+06 
 4   411.5513473 2.0917571e+06 
 4   411.5717813 2.0918371e+06 
 4   411.5922153 2.0918394e+06 
 4   411.6126492 2.0917909e+06 
 4   411.6330832 2.0918951e+06 
 4   411.6535172 2.0919138e+06 
 4   411.6739512 2.0920496e+06 
 4   411.6943851 2.0918151e+06 
 4   411.7148191 2.0918712e+06 
 4   411.7352531 2.0919749e+06 
 4   411.7556870 2.0919259e+06 
 4   411.7761210 2.0919449e+06 
 4   411.7965550 2.0920232e+06 
 4   411.8169889 2.0921085e+06 
 4   411.8374230 2.0920058e+06 
 4   411.8578569 2.0919309e+06 
 4   411.8782909 2.0919409e+06 
 4   411.8987249 2.0918431e+06 
 4   411.9191589 2.0917869e+06 
 4   411.9395929 2.0918099e+06 
 4   411.9600268 2.0918386e+06 
 4   411.9804608 2.0918472e+06 
 4   412.0008948 2.0918012e+06 
 4   412.0213288 2.0917646e+06 
 4   412.0417627 2.0917075e+06 
 4   412.0621967 2.0915599e+06 
 4   412.0826308 2.0915910e+06 
 4   412.1030647 2.0915502e+06 
 4   412.1234987 2.0915072e+06 
 4   412.1643666 2.0914630e+06 
 4   412.1848006 2.0914976e+06 
 4   412.2052346 2.0914142e+06 
 4   412.2256686 2.0914081e+06 
 4   412.2461026 2.0912940e+06 
 4   412.2665366 2.0912874e+06 
 4   412.2869705 2.0912765e+06 
 4   412.3074045 2.0913368e+06 
 4   412.3278385 2.0912161e+06 
 4   412.3482725 2.0911188e+06 
 4   412.3687065 2.0912698e+06 
 4   412.3891404 2.0911166e+06 
 4   412.4095745 2.0910712e+06 
 4   412.4300084 2.0911535e+06 
 4   412.4504423 2.0910840e+06 
 4   412.4708764 2.0912071e+06 
 4   412.4913104 2.0910265e+06 
 4   412.5117443 2.0910328e+06 
 4   412.5321783 2.0910131e+06 
 4   412.5526124 2.0909169e+06 
 4   412.5730464 2.0910042e+06 
 4   412.5934803 2.0910986e+06 
 4   412.6139143 2.0910564e+06 
 4   412.6343483 2.0910849e+06 
 4   412.6547822 2.0911765e+06 
 4   412.6752163 2.0911508e+06 
 4   412.6956503 2.0911260e+06 
 4   412.7160842 2.0912489e+06 
 4   412.7365183 2.0913710e+06 
 4   412.7569523 2.0914445e+06 
 4   412.7773862 2.0915062e+06 
 4   412.7978203 2.0914628e+06 
 4   412.8182543 2.0915941e+06 
 4   412.8386882 2.0915196e+06 
 4   412.8591223 2.0915960e+06 
 4   412.8795563 2.0914480e+06 
 4   412.8999901 2.0914101e+06 
 4   412.9204241 2.0914462e+06 
 4   412.9408582 2.0914565e+06 
 4   412.9612922 2.0915524e+06 
 4   412.9817261 2.0916729e+06 
 4   413.0021602 2.0915082e+06 
 4   413.0225942 2.0917382e+06 
 4   413.0430281 2.0916135e+06 
 4   413.0634622 2.0916239e+06 
 4   413.0838962 2.0916811e+06 
 4   413.1043301 2.0916311e+06 
 4   413.1247642 2.0915535e+06 
 4   413.1451982 2.0915189e+06 
 4   413.1656321 2.0915260e+06 
 4   413.1860662 2.0916160e+06 
 4   413.2065002 2.0915732e+06 
 4   413.2269341 2.0917729e+06 
 4   413.3086701 2.0915460e+06 
 4   413.3291042 2.0915634e+06 
 4   413.3495381 2.0915819e+06 
 4   413.3699721 2.0916060e+06 
 4   413.3904062 2.0914402e+06 
 4   413.4108401 2.0915245e+06 
 4   413.4312742 2.0916266e+06 
 4   413.4517083 2.0913606e+06 
 4   413.4721422 2.0913172e+06 
 4   413.4925762 2.0914450e+06 
 4   413.5130103 2.0913204e+06 
 4   413.5334442 2.0912908e+06 
 4   413.5538782 2.0912324e+06 
 4   413.5743123 2.0912548e+06 
 4   413.5947463 2.0913105e+06 
